Motion Sensor Data File Thu, Oct 07, 2021 10:26 AM
Time (s)	Velocity (cm/s)
6.100	NaN
6.110	-0.731
6.120	-2.064
6.130	-4.601
6.140	-4.601
6.150	-6.794
6.160	-6.321
6.170	-9.331
6.180	-9.804
6.190	-9.761
6.200	-11.911
6.210	-11.911
6.220	-13.244
6.230	-12.771
6.240	-13.631
6.250	-13.674
6.260	-14.491
6.270	-14.491
6.280	-14.964
6.290	-14.491
6.300	-13.201
6.310	-13.631
6.320	-14.534
6.330	-13.631
6.340	-12.771
6.350	-9.374
6.360	-11.911
6.370	-9.331
6.380	-8.901
6.390	-9.374
6.400	-6.751
6.410	-8.901
6.420	-4.644
6.430	-4.171
6.440	-2.021
6.450	-0.774
6.460	-0.731
6.470	3.999
6.480	1.806
6.490	3.999
6.500	5.289
6.510	4.816
6.520	7.869
6.530	8.299
6.540	9.546
6.550	9.589
6.560	9.159
6.570	12.556
6.580	11.739
6.590	13.416
6.600	13.029
6.610	14.319
6.620	12.556
6.630	14.749
6.640	15.609
6.650	13.416
6.660	14.749
6.670	12.556
6.680	14.749
6.690	13.889
6.700	11.266
6.710	13.029
6.720	9.589
6.730	10.406
6.740	8.729
6.750	8.729
6.760	7.826
6.770	5.289
6.780	5.289
6.790	2.666
6.800	3.569
6.810	0.989
6.820	0.516
6.830	-0.301
6.840	-2.881
6.850	-2.924
6.860	-5.891
6.870	-5.031
6.880	-7.224
6.890	-7.611
6.900	-9.331
6.910	-10.234
6.920	-10.191
6.930	-12.771
6.940	-11.524
6.950	-12.341
6.960	-15.351
6.970	-12.341
6.980	-15.394
6.990	-13.631
7.000	-13.201
7.010	-13.244
7.020	-13.201
7.030	-14.491
7.040	-12.341
7.050	-14.534
7.060	-11.481
7.070	-12.771
7.080	-10.664
7.090	-10.191
7.100	-10.191
7.110	-8.944
7.120	-8.471
7.130	-5.891
7.140	-4.171
7.150	-4.644
7.160	-2.021
7.170	-1.591
7.180	0.516
7.190	0.559
7.200	3.139
7.210	3.956
7.220	3.569
7.230	6.579
7.240	6.106
7.250	8.299
7.260	8.299
7.270	10.836
7.280	11.309
7.290	10.836
7.300	12.599
7.310	10.449
7.320	14.706
7.330	13.029
7.340	14.319
7.350	14.706
7.360	14.749
7.370	14.319
7.380	13.416
7.390	13.889
7.400	13.846
7.410	13.029
7.420	12.599
7.430	11.696
7.440	11.739
7.450	9.159
7.460	10.406
7.470	9.589
7.480	6.579
7.490	6.536
7.500	4.859
7.510	4.859
7.520	1.806
7.530	2.279
7.540	1.419
7.550	-1.634
7.560	-1.591
7.570	-3.741
7.580	-4.214
7.590	-6.321
7.600	-5.891
7.610	-7.224
7.620	-10.191
7.630	-9.331
7.640	-10.664
7.650	-11.051
7.660	-11.911
7.670	-12.771
7.680	-13.674
7.690	-13.631
7.700	-13.631
7.710	-14.964
7.720	-13.631
7.730	-14.921
7.740	-14.104
7.750	-13.631
7.760	-14.061
7.770	-13.201
7.780	-13.244
7.790	-11.481
7.800	-10.621
7.810	-11.094
7.820	-8.901
7.830	-9.761
7.840	-8.041
7.850	-6.364
7.860	-6.751
7.870	-1.591
7.880	-3.784
7.890	-1.591
7.900	-1.591
7.910	1.376
7.920	2.709
7.930	-0.301
7.940	5.246
7.950	4.429
7.960	7.009
7.970	6.966
7.980	9.589
7.990	9.589
8.000	9.546
8.010	13.029
8.020	11.696
8.030	12.599
8.040	12.599
8.050	12.556
8.060	14.319
8.070	13.459
8.080	15.136
8.090	13.889
8.100	15.179
8.110	14.706
8.120	12.169
8.130	14.276
8.140	11.739
8.150	12.599
8.160	10.836
8.170	10.879
8.180	10.019
8.190	8.256
8.200	8.729
8.210	6.149
8.220	6.536
8.230	3.569
8.240	4.429
8.250	2.666
8.260	0.559
8.270	0.129
8.280	-2.494
8.290	-2.451
8.300	-3.741
8.310	-5.934
8.320	-5.891
8.330	-8.041
8.340	-8.514
8.350	-10.191
8.360	-9.331
8.370	-10.234
8.380	-12.771
8.390	-11.051
8.400	-14.061
8.410	-12.814
8.420	-13.631
8.430	-14.061
8.440	-12.814
8.450	-16.211
8.460	-13.201
8.470	-12.341
8.480	-13.244
8.490	-13.631
8.500	-13.201
8.510	-11.094
8.520	-12.341
8.530	-9.761
8.540	-10.234
8.550	-8.041
8.560	-10.191
8.570	-7.611
8.580	-5.504
8.590	-5.031
8.600	-3.741
8.610	-0.774
8.620	-0.301
8.630	0.559
8.640	0.516
8.650	3.569
8.660	3.139
8.670	5.246
8.680	5.719
8.690	5.719
8.700	9.546
8.710	8.299
8.720	10.879
8.730	9.546
8.740	12.169
8.750	11.266
8.760	13.889
8.770	13.889
8.780	12.986
8.790	13.889
8.800	13.459
8.810	15.136
8.820	14.319
8.830	13.459
8.840	12.986
8.850	13.029
8.860	13.416
8.870	10.449
8.880	13.029
8.890	10.406
8.900	9.159
8.910	9.589
8.920	7.396
8.930	7.439
8.940	5.289
8.950	5.246
8.960	3.569
8.970	1.849
8.980	1.806
8.990	-1.161
9.000	-0.731
9.010	-2.064
9.020	-4.601
9.030	-4.171
9.040	-6.364
9.050	-6.751
9.060	-8.901
9.070	-8.944
9.080	-8.901
9.090	-11.051
9.100	-11.911
9.110	-12.384
9.120	-12.771
9.130	-14.061
9.140	-12.384
9.150	-13.631
9.160	-14.061
9.170	-14.491
9.180	-14.104
9.190	-12.771
9.200	-14.491
9.210	-12.384
9.220	-13.631
9.230	-12.771
9.240	-8.944
9.250	-11.481
9.260	-9.761
9.270	-8.471
9.280	-8.944
9.290	-6.751
9.300	-6.751
9.310	-4.214
9.320	-4.171
9.330	-1.591
9.340	-1.204
9.350	-0.731
9.360	1.419
9.370	1.376
9.380	3.569
9.390	3.569
9.400	6.536
9.410	7.439
9.420	7.869
9.430	9.546
9.440	9.589
9.450	11.309
9.460	12.556
9.470	11.309
9.480	13.889
9.490	12.556
9.500	13.889
9.510	11.696
9.520	13.029
9.530	15.609
9.540	12.556
9.550	14.749
9.560	12.169
9.570	14.276
9.580	13.029
9.590	12.599
9.600	12.986
9.610	10.019
9.620	10.406
9.630	8.729
9.640	9.159
9.650	6.536
9.660	6.579
9.670	5.289
9.680	3.096
9.690	3.139
9.700	0.989
9.710	0.946
9.720	-0.301
9.730	-2.881
9.740	-2.924
9.750	-5.461
9.760	-4.601
9.770	-7.181
9.780	-7.654
9.790	-8.471
9.800	-10.621
9.810	-9.374
9.820	-12.771
9.830	-11.051
9.840	-13.244
9.850	-13.631
9.860	-11.911
9.870	-14.921
9.880	-12.814
9.890	-15.351
9.900	-13.631
9.910	-14.104
9.920	-12.771
9.930	-12.341
9.940	-14.061
9.950	-11.954
9.960	-12.341
9.970	-10.621
9.980	-9.374
9.990	-10.191
10.000	-8.041
10.010	-8.944
10.020	-5.461
10.030	-4.171
10.040	-3.784
10.050	-4.601
10.060	-2.451
10.070	0.129
10.080	-0.344
10.090	2.709
10.100	2.279
10.110	4.816
10.120	6.149
10.130	5.719
10.140	8.256
10.150	7.869
10.160	9.546
10.170	10.449
10.180	10.019
10.190	12.556
10.200	11.309
10.210	13.889
10.220	12.556
10.230	13.889
10.240	14.319
10.250	13.416
10.260	14.319
10.270	13.416
10.280	13.889
10.290	11.739
10.300	14.276
10.310	12.169
10.320	11.309
10.330	11.266
10.340	9.589
10.350	9.589
10.360	7.396
10.370	8.729
10.380	7.009
10.390	4.386
10.400	5.289
10.410	2.279
10.420	2.236
10.430	1.419
10.440	-0.731
10.450	-1.634
10.460	-3.741
10.470	-3.311
10.480	-5.934
10.490	-5.461
10.500	-7.181
10.510	-9.374
10.520	-8.471
10.530	-10.191
10.540	-10.234
10.550	-12.771
10.560	-11.051
10.570	-12.771
10.580	-13.674
10.590	-12.771
10.600	-14.921
10.610	-13.244
10.620	-11.911
10.630	-14.061
10.640	-12.771
10.650	-14.104
10.660	-12.341
10.670	-13.201
10.680	-10.664
10.690	-10.621
10.700	-11.051
10.710	-8.471
10.720	-8.944
10.730	-7.611
10.740	-7.611
10.750	-5.074
10.760	-4.171
10.770	-4.171
10.780	-1.634
10.790	-1.591
10.800	0.989
10.810	1.376
10.820	3.569
10.830	4.429
10.840	4.816
10.850	7.009
10.860	7.009
10.870	8.686
10.880	9.589
10.890	7.869
10.900	9.546
10.910	10.879
10.920	12.599
10.930	12.986
10.940	13.459
10.950	13.846
10.960	12.599
10.970	14.749
10.980	13.846
10.990	13.889
11.000	13.459
11.010	12.556
11.020	14.319
11.030	11.309
11.040	12.126
11.050	10.879
11.060	10.406
11.070	8.299
11.080	9.589
11.090	8.686
11.100	5.719
11.110	6.149
11.120	3.956
11.130	3.999
11.140	2.279
11.150	0.086
11.160	0.129
11.170	-2.021
11.180	-2.064
11.190	-4.601
11.200	-4.171
11.210	-5.461
11.220	-8.084
11.230	-8.041
11.240	-9.761
11.250	-8.944
11.260	-11.481
11.270	-11.051
11.280	-11.094
11.290	-14.491
11.300	-11.911
11.310	-14.061
11.320	-13.244
11.330	-12.771
11.340	-15.781
11.350	-12.384
11.360	-14.061
11.370	-12.771
11.380	-14.061
11.390	-13.244
11.400	-10.621
11.410	-12.341
11.420	-10.234
11.430	-10.191
11.440	-8.041
11.450	-8.944
11.460	-6.751
11.470	-5.461
11.480	-5.031
11.490	-1.204
11.500	-2.881
11.510	-0.301
11.520	-0.774
11.530	1.419
11.540	3.139
11.550	3.096
11.560	4.859
11.570	5.289
11.580	7.826
11.590	8.729
11.600	6.149
11.610	9.976
11.620	9.589
11.630	12.126
11.640	10.449
11.650	15.179
11.660	14.276
11.670	12.169
11.680	13.889
11.690	10.406
11.700	15.179
11.710	13.029
11.720	14.276
11.730	13.889
11.740	12.126
11.750	13.889
11.760	10.879
11.770	12.126
11.780	10.019
11.790	10.019
11.800	9.116
11.810	7.439
11.820	7.869
11.830	4.816
11.840	5.719
11.850	3.999
11.860	1.806
11.870	1.849
11.880	-0.301
11.890	-0.344
11.900	-3.311
11.910	-2.451
11.920	-3.784
11.930	-5.891
11.940	-6.321
11.950	-8.944
11.960	-8.471
11.970	-9.761
11.980	-9.331
11.990	-11.094
12.000	-12.341
12.010	-11.911
12.020	-14.104
12.030	-11.481
12.040	-13.201
12.050	-14.061
12.060	-13.674
12.070	-14.491
12.080	-12.341
12.090	-14.104
12.100	-11.911
12.110	-13.201
12.120	-12.814
12.130	-10.191
12.140	-10.621
12.150	-8.471
12.160	-9.374
12.170	-7.611
12.180	-6.321
12.190	-7.224
12.200	-4.171
12.210	-4.601
12.220	-2.064
12.230	-2.451
12.240	0.129
12.250	1.376
12.260	1.419
12.270	3.569
12.280	3.526
12.290	6.149
12.300	5.289
12.310	6.536
12.320	9.159
12.330	8.729
12.340	10.406
12.350	10.449
12.360	12.169
12.370	12.986
12.380	12.169
12.390	13.459
12.400	11.696
12.410	13.889
12.420	13.459
12.430	13.846
12.440	14.319
12.450	12.126
12.460	12.599
12.470	12.599
12.480	12.126
12.490	10.449
12.500	11.309
12.510	9.976
12.520	7.869
12.530	8.299
12.540	6.966
12.550	6.579
12.560	5.719
12.570	3.096
12.580	3.139
12.590	0.989
12.600	0.946
12.610	-1.591
12.620	-1.161
12.630	-2.494
12.640	-5.031
12.650	-4.601
12.660	-7.224
12.670	-7.181
12.680	-9.331
12.690	-8.514
12.700	-9.331
12.710	-11.911
12.720	-10.191
12.730	-12.814
12.740	-12.341
12.750	-11.481
12.760	-14.104
12.770	-12.771
12.780	-14.491
12.790	-13.631
12.800	-13.674
12.810	-12.341
12.820	-12.341
12.830	-13.674
12.840	-11.481
12.850	-10.191
12.860	-9.804
12.870	-10.621
12.880	-8.471
12.890	-8.041
12.900	-8.514
12.910	-5.891
12.920	-6.321
12.930	-3.354
12.940	-4.171
12.950	-0.731
12.960	0.086
12.970	0.129
12.980	2.279
12.990	2.236
13.000	4.429
13.010	6.149
13.020	5.676
13.030	7.869
13.040	7.439
13.050	9.546
13.060	9.159
13.070	11.739
13.080	11.696
13.090	11.739
13.100	13.459
13.110	12.126
13.120	13.459
13.130	10.406
13.140	14.749
13.150	14.319
13.160	12.556
13.170	13.889
13.180	11.309
13.190	13.846
13.200	12.599
13.210	10.449
13.220	12.126
13.230	8.729
13.240	9.589
13.250	8.256
13.260	8.299
13.270	7.009
13.280	4.816
13.290	4.859
13.300	2.279
13.310	2.666
13.320	-0.301
13.330	0.129
13.340	-1.204
13.350	-3.311
13.360	-3.311
13.370	-5.504
13.380	-5.461
13.390	-7.611
13.400	-8.084
13.410	-8.041
13.420	-10.191
13.430	-10.234
13.440	-11.911
13.450	-10.621
13.460	-12.771
13.470	-13.244
13.480	-12.341
13.490	-14.491
13.500	-12.384
13.510	-15.351
13.520	-12.341
13.530	-12.771
13.540	-13.674
13.550	-11.911
13.560	-13.631
13.570	-10.664
13.580	-11.481
13.590	-9.761
13.600	-8.471
13.610	-9.374
13.620	-7.181
13.630	-7.611
13.640	-5.504
13.650	-5.461
13.660	-2.881
13.670	-2.064
13.680	-1.591
13.690	0.989
13.700	0.516
13.710	3.139
13.720	3.999
13.730	3.956
13.740	6.579
13.750	6.579
13.760	8.256
13.770	7.869
13.780	9.589
13.790	10.406
13.800	10.879
13.810	11.739
13.820	12.126
13.830	13.459
13.840	11.739
13.850	13.846
13.860	13.459
13.870	13.416
13.880	13.889
13.890	12.599
13.900	12.556
13.910	13.459
13.920	11.739
13.930	11.696
13.940	10.449
13.950	10.879
13.960	8.686
13.970	8.729
13.980	8.729
13.990	6.536
14.000	6.579
14.010	3.569
14.020	3.956
14.030	1.419
14.040	1.849
14.050	0.516
14.060	-2.021
14.070	-1.591
14.080	-4.214
14.090	-3.741
14.100	-6.321
14.110	-6.364
14.120	-7.611
14.130	-8.901
14.140	-8.944
14.150	-10.621
14.160	-10.621
14.170	-10.621
14.180	-12.814
14.190	-12.341
14.200	-12.771
14.210	-13.244
14.220	-13.631
14.230	-11.481
14.240	-12.341
14.250	-14.104
14.260	-12.341
14.270	-13.201
14.280	-11.954
14.290	-12.341
14.300	-10.191
14.310	-9.804
14.320	-9.761
14.330	-8.041
14.340	-8.041
14.350	-6.364
14.360	-6.751
14.370	-4.171
14.380	-3.354
14.390	-3.311
14.400	-0.731
14.410	-1.204
14.420	1.419
14.430	3.139
14.440	2.666
14.450	5.289
14.460	4.859
14.470	7.396
14.480	6.579
14.490	7.009
14.500	9.976
14.510	8.729
14.520	11.739
14.530	10.406
14.540	13.029
14.550	11.739
14.560	13.416
14.570	13.029
14.580	12.599
14.590	14.706
14.600	12.169
14.610	13.846
14.620	13.029
14.630	11.739
14.640	13.846
14.650	10.019
14.660	11.739
14.670	9.976
14.680	9.589
14.690	9.159
14.700	6.966
14.710	7.439
14.720	5.289
14.730	5.246
14.740	2.709
14.750	3.139
14.760	1.806
14.770	-0.731
14.780	-0.301
14.790	-2.924
14.800	-2.881
14.810	-5.031
14.820	-4.644
14.830	-6.321
14.840	-8.471
14.850	-7.654
14.860	-9.761
14.870	-9.331
14.880	-10.621
14.890	-11.524
14.900	-11.911
14.910	-13.631
14.920	-11.094
14.930	-14.491
14.940	-12.341
14.950	-13.201
14.960	-14.104
14.970	-12.341
14.980	-13.201
14.990	-11.954
15.000	-13.631
15.010	-11.911
15.020	-10.191
15.030	-11.094
15.040	-9.331
15.050	-9.331
15.060	-7.224
15.070	-8.041
15.080	-4.171
15.090	-4.214
15.100	-4.601
15.110	-1.591
15.120	-2.494
15.130	0.129
15.140	1.849
15.150	0.946
15.160	3.139
15.170	3.569
15.180	6.106
15.190	5.289
15.200	8.299
15.210	8.686
15.220	8.299
15.230	10.019
15.240	10.406
15.250	11.309
15.260	11.309
15.270	13.416
15.280	12.599
15.290	11.309
15.300	12.556
15.310	12.169
15.320	14.319
15.330	12.126
15.340	13.459
15.350	12.986
15.360	12.169
15.370	12.169
15.380	10.406
15.390	11.739
15.400	10.449
15.410	7.826
15.420	8.729
15.430	7.009
15.440	6.536
15.450	4.429
15.460	4.429
15.470	3.526
15.480	0.989
15.490	0.989
15.500	-1.634
15.510	-0.731
15.520	-3.311
15.530	-2.924
15.540	-4.601
15.550	-6.751
15.560	-6.751
15.570	-8.944
15.580	-7.611
15.590	-8.901
15.600	-11.524
15.610	-10.621
15.620	-12.341
15.630	-12.384
15.640	-12.771
15.650	-11.911
15.660	-12.771
15.670	-13.244
15.680	-13.631
15.690	-13.631
15.700	-11.954
15.710	-13.201
15.720	-11.481
15.730	-12.341
15.740	-11.524
15.750	-10.191
15.760	-10.621
15.770	-5.934
15.780	-8.901
15.790	-6.751
15.800	-5.934
15.810	-6.321
15.820	-3.741
15.830	-3.741
15.840	-1.204
15.850	-0.301
15.860	-0.731
15.870	0.086
15.880	1.849
15.890	3.999
15.900	3.956
15.910	6.579
15.920	7.439
15.930	6.966
15.940	9.159
15.950	8.299
15.960	10.836
15.970	10.019
15.980	12.169
15.990	12.986
16.000	11.739
16.010	12.556
16.020	12.169
16.030	13.459
16.040	12.556
16.050	13.459
16.060	13.459
16.070	11.266
16.080	12.599
16.090	11.309
16.100	11.266
16.110	11.309
16.120	9.159
16.130	9.546
16.140	7.009
16.150	7.439
16.160	6.106
16.170	6.149
16.180	5.289
16.190	2.236
16.200	2.279
16.210	0.129
16.220	0.086
16.230	-2.021
16.240	-1.591
16.250	-2.924
16.260	-5.031
16.270	-5.461
16.280	-8.084
16.290	-6.751
16.300	-7.611
16.310	-9.374
16.320	-9.761
16.330	-11.481
16.340	-10.191
16.350	-13.244
16.360	-11.481
16.370	-11.481
16.380	-14.104
16.390	-12.341
16.400	-14.491
16.410	-12.341
16.420	-11.954
16.430	-11.051
16.440	-11.481
16.450	-12.814
16.460	-11.051
16.470	-11.051
16.480	-9.331
16.490	-9.804
16.500	-8.041
16.510	-6.751
16.520	-7.654
16.530	-5.031
16.540	-5.461
16.550	-2.924
16.560	-2.021
16.570	-1.591
16.580	0.516
16.590	0.989
16.600	3.139
16.610	2.666
16.620	5.719
16.630	6.579
16.640	5.676
16.650	8.299
16.660	7.439
16.670	9.546
16.680	9.159
16.690	11.309
16.700	11.696
16.710	11.739
16.720	12.599
16.730	12.126
16.740	10.879
16.750	12.169
16.760	14.706
16.770	13.029
16.780	12.599
16.790	12.986
16.800	11.309
16.810	12.986
16.820	11.309
16.830	10.019
16.840	11.266
16.850	7.869
16.860	8.729
16.870	6.966
16.880	7.869
16.890	6.149
16.900	3.956
16.910	3.569
16.920	1.849
16.930	1.806
16.940	-0.731
16.950	-0.301
16.960	-1.634
16.970	-4.171
16.980	-3.741
16.990	-5.891
17.000	-6.364
17.010	-8.471
17.020	-7.181
17.030	-8.514
17.040	-10.621
17.050	-10.191
17.060	-11.524
17.070	-11.911
17.080	-11.481
17.090	-12.771
17.100	-12.814
17.110	-13.201
17.120	-13.631
17.130	-13.674
17.140	-11.911
17.150	-12.341
17.160	-12.771
17.170	-11.954
17.180	-12.771
17.190	-9.761
17.200	-11.524
17.210	-8.471
17.220	-7.611
17.230	-8.471
17.240	-6.364
17.250	-6.751
17.260	-4.601
17.270	-3.354
17.280	-3.311
17.290	-1.161
17.300	-1.634
17.310	1.419
17.320	0.989
17.330	3.956
17.340	4.859
17.350	4.429
17.360	7.396
17.370	6.579
17.380	8.729
17.390	7.826
17.400	9.589
17.410	11.739
17.420	9.976
17.430	12.599
17.440	11.739
17.450	12.556
17.460	11.739
17.470	13.029
17.480	14.276
17.490	12.169
17.500	13.416
17.510	11.739
17.520	13.029
17.530	12.556
17.540	10.879
17.550	11.309
17.560	9.976
17.570	10.019
17.580	7.869
17.590	8.256
17.600	7.439
17.610	5.289
17.620	5.676
17.630	2.709
17.640	3.569
17.650	0.516
17.660	1.419
17.670	-0.301
17.680	-2.494
17.690	-2.021
17.700	-4.601
17.710	-4.644
17.720	-7.181
17.730	-6.751
17.740	-7.181
17.750	-9.374
17.760	-8.901
17.770	-11.481
17.780	-9.804
17.790	-11.051
17.800	-13.201
17.810	-11.524
17.820	-13.201
17.830	-12.341
17.840	-13.631
17.850	-10.664
17.860	-11.911
17.870	-12.771
17.880	-11.524
17.890	-12.771
17.900	-11.911
17.910	-11.051
17.920	-9.804
17.930	-8.901
17.940	-9.331
17.950	-7.224
17.960	-7.611
17.970	-5.461
17.980	-4.171
17.990	-4.644
18.000	-2.451
18.010	-2.451
18.020	0.086
18.030	-0.301
18.040	2.279
18.050	3.096
18.060	3.139
18.070	5.719
18.080	5.246
18.090	7.439
18.100	7.009
18.110	9.116
18.120	9.589
18.130	8.299
18.140	9.976
18.150	11.739
18.160	12.599
18.170	11.266
18.180	12.599
18.190	12.986
18.200	12.599
18.210	13.889
18.220	11.696
18.230	13.459
18.240	12.169
18.250	11.266
18.260	12.169
18.270	9.589
18.280	11.266
18.290	8.729
18.300	9.159
18.310	7.826
18.320	6.149
18.330	7.009
18.340	4.386
18.350	4.429
18.360	2.279
18.370	1.806
18.380	1.419
18.390	-1.591
18.400	-0.774
18.410	-3.311
18.420	-3.311
18.430	-5.934
18.440	-5.461
18.450	-6.751
18.460	-8.041
18.470	-7.654
18.480	-10.191
18.490	-10.191
18.500	-9.374
18.510	-11.911
18.520	-11.911
18.530	-12.384
18.540	-11.911
18.550	-13.631
18.560	-11.911
18.570	-13.244
18.580	-13.201
18.590	-11.481
18.600	-13.244
18.610	-11.051
18.620	-12.771
18.630	-10.191
18.640	-9.804
18.650	-10.191
18.660	-8.471
18.670	-6.364
18.680	-6.321
18.690	-6.751
18.700	-5.031
18.710	-3.784
18.720	-3.741
18.730	-1.161
18.740	-1.634
18.750	0.559
18.760	2.279
18.770	1.806
18.780	3.999
18.790	3.999
18.800	6.106
18.810	6.149
18.820	7.869
18.830	8.686
18.840	8.299
18.850	10.879
18.860	9.546
18.870	12.169
18.880	11.309
18.890	12.986
18.900	12.599
18.910	11.739
18.920	11.266
18.930	12.169
18.940	13.416
18.950	13.459
18.960	11.309
18.970	12.556
18.980	11.739
18.990	10.879
19.000	9.976
19.010	10.449
19.020	9.159
19.030	6.966
19.040	8.299
19.050	6.149
19.060	5.676
19.070	3.569
19.080	3.569
19.090	2.666
19.100	0.559
19.110	0.559
19.120	-2.064
19.130	-1.591
19.140	-4.171
19.150	-4.214
19.160	-5.031
19.170	-7.181
19.180	-6.751
19.190	-8.514
19.200	-8.041
19.210	-9.761
19.220	-11.524
19.230	-9.761
19.240	-13.201
19.250	-11.051
19.260	-12.814
19.270	-12.341
19.280	-11.911
19.290	-14.534
19.300	-11.911
19.310	-12.771
19.320	-11.481
19.330	-12.814
19.340	-11.481
19.350	-11.051
19.360	-10.664
19.370	-9.761
19.380	-8.901
19.390	-5.934
19.400	-8.471
19.410	-5.891
19.420	-5.031
19.430	-5.504
19.440	-2.881
19.450	-3.311
19.460	-0.774
19.470	0.559
19.480	0.129
19.490	2.666
19.500	-0.301
19.510	5.289
19.520	4.816
19.530	7.009
19.540	7.439
19.550	6.966
19.560	8.729
19.570	9.159
19.580	10.836
19.590	9.589
19.600	12.599
19.610	12.986
19.620	10.879
19.630	12.169
19.640	12.126
19.650	13.029
19.660	12.169
19.670	12.986
19.680	12.599
19.690	10.836
19.700	12.169
19.710	10.879
19.720	10.406
19.730	10.879
19.740	8.299
19.750	9.116
19.760	6.149
19.770	7.009
19.780	5.246
19.790	5.289
19.800	4.429
19.810	1.376
19.820	1.849
19.830	-0.301
19.840	-0.344
19.850	-2.451
19.860	-2.021
19.870	-3.741
19.880	-5.934
19.890	-5.891
19.900	-7.611
19.910	-6.794
19.920	-8.901
19.930	-9.331
19.940	-9.804
19.950	-11.051
19.960	-11.481
19.970	-12.341
19.980	-11.094
19.990	-11.911
20.000	-13.201
20.010	-12.384
20.020	-13.631
20.030	-9.761
20.040	-12.771
20.050	-11.524
20.060	-11.051
20.070	-12.341
20.080	-9.804
20.090	-10.621
20.100	-8.471
20.110	-8.901
20.120	-6.794
20.130	-5.891
20.140	-6.751
20.150	-4.214
20.160	-4.601
20.170	-2.021
20.180	-0.774
20.190	-1.161
20.200	1.419
20.210	0.989
20.220	3.956
20.230	3.139
20.240	5.719
20.250	6.536
20.260	6.149
20.270	8.729
20.280	7.396
20.290	10.019
20.300	9.116
20.310	11.309
20.320	12.169
20.330	8.686
20.340	12.599
20.350	11.309
20.360	12.986
20.370	13.029
20.380	13.029
20.390	12.986
20.400	12.169
20.410	11.739
20.420	11.266
20.430	12.169
20.440	10.449
20.450	9.976
20.460	10.019
20.470	7.439
20.480	7.826
20.490	6.149
20.500	6.579
20.510	5.246
20.520	3.139
20.530	3.139
20.540	0.946
20.550	0.989
20.560	-1.161
20.570	-1.204
20.580	-2.021
20.590	-4.601
20.600	-4.644
20.610	-6.751
20.620	-6.751
20.630	-8.084
20.640	-7.611
20.650	-8.901
20.660	-11.481
20.670	-9.374
20.680	-12.341
20.690	-11.481
20.700	-11.094
20.710	-13.201
20.720	-11.911
20.730	-13.631
20.740	-12.814
20.750	-12.771
20.760	-11.911
20.770	-11.524
20.780	-12.341
20.790	-11.481
20.800	-11.481
20.810	-9.374
20.820	-10.191
20.830	-8.041
20.840	-7.224
20.850	-7.611
20.860	-5.461
20.870	-5.891
20.880	-3.354
20.890	-4.171
20.900	-1.161
20.910	0.086
20.920	-0.731
20.930	2.279
20.940	1.806
20.950	3.999
20.960	5.289
20.970	5.676
20.980	7.439
20.990	6.579
21.000	8.686
21.010	8.299
21.020	10.879
21.030	10.836
21.040	10.879
21.050	12.599
21.060	11.266
21.070	12.169
21.080	11.739
21.090	12.986
21.100	13.889
21.110	11.739
21.120	12.986
21.130	10.879
21.140	12.556
21.150	11.309
21.160	10.879
21.170	10.836
21.180	9.159
21.190	8.729
21.200	6.966
21.210	7.439
21.220	7.009
21.230	4.386
21.240	4.429
21.250	2.279
21.260	2.236
21.270	0.559
21.280	0.129
21.290	-0.774
21.300	-2.881
21.310	-2.881
21.320	-5.461
21.330	-5.074
21.340	-7.611
21.350	-6.321
21.360	-7.654
21.370	-9.331
21.380	-9.761
21.390	-11.051
21.400	-10.234
21.410	-11.911
21.420	-11.911
21.430	-11.524
21.440	-13.201
21.450	-11.481
21.460	-14.061
21.470	-11.954
21.480	-11.481
21.490	-12.341
21.500	-11.094
21.510	-10.191
21.520	-10.621
21.530	-10.621
21.540	-9.374
21.550	-7.611
21.560	-8.901
21.570	-6.364
21.580	-6.751
21.590	-4.601
21.600	-5.074
21.610	-2.881
21.620	-1.161
21.630	-1.591
21.640	0.516
21.650	0.559
21.660	2.709
21.670	3.956
21.680	3.569
21.690	6.149
21.700	5.676
21.710	7.439
21.720	7.009
21.730	9.116
21.740	8.299
21.750	9.159
21.760	11.696
21.770	10.879
21.780	12.599
21.790	10.836
21.800	12.599
21.810	12.986
21.820	12.169
21.830	12.599
21.840	11.696
21.850	12.169
21.860	10.449
21.870	12.556
21.880	10.879
21.890	9.159
21.900	10.406
21.910	7.869
21.920	7.869
21.930	7.396
21.940	5.289
21.950	6.149
21.960	3.096
21.970	3.999
21.980	1.419
21.990	1.376
22.000	0.559
22.010	-2.021
22.020	-1.204
22.030	-4.171
22.040	-4.171
22.050	-6.751
22.060	-5.504
22.070	-6.321
22.080	-8.041
22.090	-8.514
22.100	-10.621
22.110	-9.331
22.120	-11.051
22.130	-11.524
22.140	-10.621
22.150	-12.341
22.160	-11.954
22.170	-12.771
22.180	-12.341
22.190	-11.911
22.200	-12.384
22.210	-11.481
22.220	-11.911
22.230	-11.094
22.240	-11.911
22.250	-9.331
22.260	-8.901
22.270	-7.654
22.280	-7.181
22.290	-7.611
22.300	-5.934
22.310	-6.321
22.320	-3.741
22.330	-2.924
22.340	-3.311
22.350	-0.731
22.360	-0.731
22.370	1.376
22.380	1.419
22.390	3.569
22.400	4.816
22.410	4.859
22.420	6.579
22.430	6.106
22.440	8.299
22.450	8.729
22.460	8.686
22.470	10.879
22.480	10.019
22.490	12.126
22.500	10.879
22.510	12.126
22.520	10.449
22.530	11.309
22.540	13.846
22.550	11.309
22.560	13.029
22.570	11.266
22.580	11.739
22.590	12.169
22.600	10.406
22.610	10.449
22.620	9.589
22.630	9.546
22.640	7.009
22.650	7.869
22.660	6.966
22.670	5.289
22.680	4.859
22.690	3.096
22.700	3.139
22.710	1.849
22.720	-0.774
22.730	0.129
22.740	-2.451
22.750	-2.064
22.760	-4.601
22.770	-4.601
22.780	-5.891
22.790	-7.224
22.800	-6.751
22.810	-8.901
22.820	-8.944
22.830	-11.051
22.840	-9.331
22.850	-11.051
22.860	-12.384
22.870	-10.621
22.880	-13.201
22.890	-11.524
22.900	-12.341
22.910	-13.631
22.920	-11.481
22.930	-12.814
22.940	-11.051
22.950	-10.621
22.960	-10.234
22.970	-9.761
22.980	-10.621
22.990	-8.901
23.000	-8.514
23.010	-6.751
23.020	-7.181
23.030	-5.504
23.040	-4.171
23.050	-4.601
23.060	-2.494
23.070	-2.451
23.080	0.129
23.090	-0.301
23.100	1.806
23.110	3.139
23.120	0.989
23.130	5.676
23.140	5.289
23.150	7.009
23.160	7.396
23.170	7.439
23.180	9.589
23.190	9.116
23.200	10.449
23.210	10.449
23.220	12.556
23.230	12.169
23.240	10.449
23.250	12.556
23.260	11.739
23.270	12.986
23.280	11.739
23.290	12.599
23.300	12.126
23.310	10.449
23.320	12.169
23.330	9.116
23.340	10.449
23.350	8.729
23.360	8.686
23.370	8.299
23.380	5.719
23.390	6.106
23.400	4.429
23.410	4.859
23.420	3.526
23.430	1.419
23.440	1.419
23.450	-1.204
23.460	-0.731
23.470	-2.881
23.480	-3.311
23.490	-4.644
23.500	-6.321
23.510	-5.461
23.520	-7.654
23.530	-7.611
23.540	-9.761
23.550	-9.374
23.560	-9.331
23.570	-11.481
23.580	-11.481
23.590	-11.954
23.600	-11.481
23.610	-12.771
23.620	-11.481
23.630	-10.234
23.640	-12.771
23.650	-11.051
23.660	-12.384
23.670	-11.051
23.680	-10.621
23.690	-11.481
23.700	-8.944
23.710	-10.191
23.720	-7.611
23.730	-8.514
23.740	-5.891
23.750	-5.031
23.760	-5.934
23.770	-3.311
23.780	-3.741
23.790	-1.161
23.800	-1.634
23.810	0.559
23.820	2.279
23.830	1.376
23.840	3.999
23.850	3.999
23.860	6.106
23.870	5.719
23.880	7.869
23.890	8.256
23.900	8.299
23.910	10.019
23.920	9.546
23.930	11.309
23.940	9.589
23.950	11.266
23.960	11.739
23.970	11.309
23.980	12.986
23.990	12.169
24.000	12.169
24.010	12.986
24.020	10.879
24.030	11.739
24.040	11.266
24.050	10.449
24.060	9.116
24.070	10.449
24.080	8.729
24.090	6.536
24.100	7.439
24.110	5.289
24.120	5.676
24.130	3.139
24.140	3.569
24.150	2.709
24.160	0.086
24.170	0.129
24.180	-2.021
24.190	-1.634
24.200	-2.881
24.210	-5.891
24.220	-5.074
24.230	-6.751
24.240	-6.321
24.250	-8.514
24.260	-8.471
24.270	-9.761
24.280	-10.191
24.290	-10.664
24.300	-12.341
24.310	-10.621
24.320	-12.341
24.330	-11.954
24.340	-11.481
24.350	-14.061
24.360	-11.094
24.370	-12.341
24.380	-11.481
24.390	-11.911
24.400	-11.094
24.410	-10.191
24.420	-10.621
24.430	-9.374
24.440	-9.331
24.450	-6.751
24.460	-6.321
24.470	-7.224
24.480	-4.601
24.490	-5.031
24.500	-2.494
24.510	-3.311
24.520	-0.301
24.530	0.946
24.540	0.129
24.550	2.709
24.560	2.236
24.570	5.289
24.580	4.859
24.590	6.536
24.600	7.869
24.610	7.439
24.620	7.826
24.630	9.159
24.640	10.449
24.650	11.266
24.660	10.879
24.670	12.169
24.680	10.836
24.690	12.169
24.700	11.739
24.710	12.986
24.720	12.599
24.730	11.309
24.740	12.556
24.750	10.449
24.760	12.169
24.770	9.976
24.780	10.019
24.790	10.449
24.800	7.826
24.810	8.299
24.820	6.579
24.830	6.966
24.840	4.429
24.850	5.289
24.860	3.526
24.870	1.419
24.880	2.279
24.890	-0.774
24.900	-0.301
24.910	-1.591
24.920	-3.784
24.930	-3.741
24.940	-5.891
24.950	-5.504
24.960	-7.181
24.970	-6.751
24.980	-8.041
24.990	-10.234
25.000	-8.901
25.010	-11.051
25.020	-11.094
25.030	-12.341
25.040	-10.191
25.050	-11.911
25.060	-12.384
25.070	-11.911
25.080	-13.201
25.090	-11.524
25.100	-11.911
25.110	-11.051
25.120	-8.471
25.130	-11.524
25.140	-8.901
25.150	-10.191
25.160	-8.514
25.170	-7.181
25.180	-7.611
25.190	-5.891
25.200	-6.364
25.210	-3.741
25.220	-4.601
25.230	-2.064
25.240	-0.731
25.250	-1.161
25.260	1.376
25.270	1.419
25.280	3.139
25.290	3.526
25.300	5.289
25.310	6.579
25.320	5.676
25.330	7.439
25.340	7.439
25.350	9.976
25.360	8.729
25.370	8.729
25.380	11.266
25.390	10.879
25.400	12.169
25.410	10.406
25.420	12.599
25.430	13.029
25.440	11.266
25.450	12.169
25.460	10.879
25.470	11.266
25.480	10.449
25.490	11.309
25.500	10.406
25.510	8.729
25.520	9.159
25.530	6.966
25.540	7.869
25.550	5.289
25.560	5.676
25.570	4.859
25.580	3.139
25.590	2.666
25.600	0.989
25.610	0.989
25.620	-1.204
25.630	-1.161
25.640	-2.451
25.650	-4.644
25.660	-4.171
25.670	-6.751
25.680	-5.461
25.690	-5.934
25.700	-8.901
25.710	-9.331
25.720	-9.804
25.730	-8.901
25.740	-12.341
25.750	-10.191
25.760	-10.234
25.770	-12.771
25.780	-10.621
25.790	-13.244
25.800	-11.911
25.810	-12.341
25.820	-10.621
25.830	-11.094
25.840	-11.481
25.850	-11.051
25.860	-8.514
25.870	-8.471
25.880	-9.761
25.890	-7.181
25.900	-6.794
25.910	-7.181
25.920	-5.031
25.930	-5.504
25.940	-2.881
25.950	-2.451
25.960	-2.494
25.970	0.129
25.980	-0.301
25.990	2.279
26.000	1.806
26.010	3.999
26.020	5.719
26.030	4.816
26.040	7.009
26.050	6.149
26.060	8.256
26.070	8.299
26.080	10.449
26.090	10.406
26.100	10.449
26.110	11.309
26.120	10.406
26.130	9.589
26.140	11.309
26.150	12.986
26.160	13.029
26.170	10.836
26.180	12.599
26.190	10.449
26.200	11.696
26.210	11.739
26.220	9.589
26.230	9.546
26.240	8.729
26.250	8.729
26.260	6.536
26.270	6.579
26.280	6.579
26.290	4.386
26.300	4.429
26.310	2.279
26.320	2.236
26.330	0.129
26.340	0.129
26.350	-0.731
26.360	-2.924
26.370	-3.311
26.380	-5.461
26.390	-5.074
26.400	-6.751
26.410	-6.321
26.420	-7.224
26.430	-9.761
26.440	-8.901
26.450	-10.621
26.460	-10.234
26.470	-11.051
26.480	-11.481
26.490	-11.094
26.500	-12.771
26.510	-11.051
26.520	-14.061
26.530	-11.094
26.540	-10.621
26.550	-12.341
26.560	-10.621
26.570	-11.954
26.580	-10.621
26.590	-9.761
26.600	-8.514
26.610	-8.041
26.620	-8.471
26.630	-5.891
26.640	-6.794
26.650	-4.601
26.660	-4.601
26.670	-2.494
26.680	-2.021
26.690	-1.591
26.700	0.516
26.710	0.559
26.720	2.709
26.730	3.956
26.740	3.999
26.750	5.719
26.760	5.246
26.770	7.009
26.780	6.579
26.790	8.686
26.800	10.449
26.810	8.729
26.820	10.836
26.830	10.879
26.840	12.169
26.850	9.976
26.860	12.169
26.870	12.599
26.880	11.696
26.890	12.599
26.900	11.309
26.910	11.696
26.920	11.739
26.930	10.449
26.940	10.836
26.950	9.159
26.960	10.019
26.970	7.396
26.980	8.299
26.990	7.439
27.000	5.246
27.010	5.289
27.020	3.569
27.030	3.956
27.040	1.419
27.050	1.849
27.060	0.516
27.070	-1.591
27.080	-1.591
27.090	-3.784
27.100	-3.741
27.110	-5.891
27.120	-5.461
27.130	-5.934
27.140	-8.041
27.150	-8.041
27.160	-10.234
27.170	-8.901
27.180	-9.761
27.190	-12.341
27.200	-9.804
27.210	-12.341
27.220	-11.051
27.230	-12.384
27.240	-12.341
27.250	-11.051
27.260	-11.911
27.270	-8.944
27.280	-11.481
27.290	-10.621
27.300	-11.524
27.310	-8.901
27.320	-8.471
27.330	-9.761
27.340	-6.794
27.350	-7.611
27.360	-5.461
27.370	-5.504
27.380	-3.741
27.390	-2.881
27.400	-2.881
27.410	-0.774
27.420	-0.731
27.430	1.419
27.440	2.666
27.450	2.279
27.460	4.859
27.470	3.956
27.480	6.579
27.490	5.719
27.500	7.826
27.510	9.159
27.520	8.299
27.530	9.976
27.540	9.589
27.550	11.309
27.560	9.546
27.570	10.449
27.580	11.739
27.590	11.266
27.600	13.029
27.610	10.879
27.620	12.556
27.630	10.449
27.640	11.309
27.650	12.126
27.660	9.589
27.670	10.019
27.680	8.686
27.690	9.589
27.700	7.869
27.710	5.676
27.720	6.579
27.730	4.429
27.740	4.816
27.750	2.279
27.760	3.139
27.770	1.376
27.780	-0.301
27.790	-0.301
27.800	-2.924
27.810	-2.881
27.820	-4.601
27.830	-4.644
27.840	-5.031
27.850	-7.181
27.860	-6.751
27.870	-9.374
27.880	-8.901
27.890	-9.761
27.900	-9.804
27.910	-10.621
27.920	-11.481
27.930	-10.191
27.940	-12.814
27.950	-11.051
27.960	-11.911
27.970	-12.814
27.980	-10.621
27.990	-11.911
28.000	-10.621
28.010	-11.954
28.020	-10.191
28.030	-9.331
28.040	-9.804
28.050	-8.041
28.060	-8.901
28.070	-5.891
28.080	-7.224
28.090	-4.601
28.100	-3.311
28.110	-4.644
28.120	-1.591
28.130	-2.021
28.140	0.516
28.150	1.419
28.160	2.709
28.170	3.569
28.180	3.096
28.190	5.719
28.200	4.859
28.210	6.966
28.220	7.439
28.230	7.439
28.240	9.546
28.250	8.729
28.260	10.449
28.270	10.406
28.280	10.879
28.290	10.019
28.300	10.406
28.310	12.599
28.320	11.696
28.330	12.169
28.340	11.309
28.350	12.126
28.360	11.309
28.370	10.449
28.380	11.266
28.390	9.159
28.400	9.589
28.410	8.256
28.420	8.729
28.430	7.439
28.440	5.246
28.450	6.149
28.460	3.999
28.470	3.956
28.480	3.139
28.490	0.989
28.500	0.989
28.510	-1.204
28.520	-1.161
28.530	-3.311
28.540	-3.354
28.550	-4.171
28.560	-5.891
28.570	-5.934
28.580	-7.181
28.590	-7.611
28.600	-9.331
28.610	-8.944
28.620	-8.901
28.630	-11.911
28.640	-10.234
28.650	-11.481
28.660	-11.051
28.670	-12.341
28.680	-11.524
28.690	-11.911
28.700	-12.341
28.710	-8.514
28.720	-11.481
28.730	-10.191
28.740	-10.191
28.750	-11.094
28.760	-8.471
28.770	-9.761
28.780	-7.611
28.790	-7.654
28.800	-5.891
28.810	-5.031
28.820	-5.504
28.830	-3.311
28.840	-3.311
28.850	-1.204
28.860	-1.591
28.870	0.989
28.880	1.806
28.890	1.849
28.900	3.999
28.910	3.999
28.920	5.676
28.930	4.859
28.940	7.009
28.950	5.676
28.960	8.299
28.970	9.589
28.980	8.686
28.990	11.309
29.000	11.739
29.010	9.976
29.020	11.309
29.030	10.879
29.040	12.126
29.050	11.309
29.060	11.739
29.070	12.126
29.080	10.019
29.090	11.266
29.100	9.589
29.110	10.879
29.120	8.256
29.130	9.589
29.140	8.299
29.150	6.536
29.160	7.009
29.170	4.859
29.180	4.859
29.190	3.096
29.200	3.569
29.210	2.709
29.220	-0.344
29.230	0.559
29.240	-2.021
29.250	-1.634
29.260	-2.881
29.270	-4.601
29.280	-4.644
29.290	-6.321
29.300	-5.891
29.310	-8.041
29.320	-8.084
29.330	-8.471
29.340	-9.761
29.350	-10.234
29.360	-11.481
29.370	-9.331
29.380	-12.341
29.390	-10.664
29.400	-11.051
29.410	-13.201
29.420	-10.664
29.430	-12.341
29.440	-10.191
29.450	-11.481
29.460	-8.084
29.470	-9.761
29.480	-10.191
29.490	-8.041
29.500	-9.374
29.510	-6.321
29.520	-5.891
29.530	-6.364
29.540	-4.171
29.550	-4.601
29.560	-2.494
29.570	-2.451
29.580	-0.731
29.590	0.559
29.600	0.516
29.610	2.709
29.620	2.279
29.630	4.816
29.640	4.429
29.650	6.579
29.660	6.536
29.670	6.149
29.680	10.019
29.690	7.826
29.700	10.019
29.710	9.589
29.720	9.116
29.730	11.309
29.740	10.449
29.750	11.696
29.760	11.309
29.770	12.599
29.780	11.696
29.790	11.309
29.800	11.739
29.810	9.546
29.820	11.739
29.830	9.589
29.840	9.546
29.850	10.019
29.860	7.869
29.870	7.396
29.880	5.719
29.890	6.579
29.900	3.956
29.910	4.859
29.920	3.569
29.930	1.806
29.940	1.419
29.950	-0.731
29.960	-0.774
29.970	-2.451
29.980	-2.451
29.990	-3.784
30.000	-5.461
30.010	-5.031
30.020	-7.181
30.030	-7.224
30.040	-7.611
30.050	-10.191
30.060	-8.514
30.070	-11.051
30.080	-10.621
30.090	-11.051
30.100	-10.664
30.110	-11.051
30.120	-11.911
30.130	-11.954
30.140	-12.341
30.150	-11.051
30.160	-11.481
30.170	-10.664
30.180	-10.191
30.190	-11.481
30.200	-9.331
30.210	-9.804
30.220	-8.041
30.230	-8.471
30.240	-5.934
30.250	-5.031
30.260	-5.891
30.270	-3.784
30.280	-4.171
30.290	-1.591
30.300	-0.731
30.310	-1.204
30.320	1.419
30.330	0.989
30.340	3.526
30.350	3.569
30.360	5.289
30.370	6.106
30.380	5.289
30.390	7.439
30.400	7.396
30.410	9.589
30.420	8.299
30.430	10.836
30.440	11.309
30.450	10.449
30.460	11.266
30.470	10.449
30.480	12.169
30.490	11.266
30.500	12.599
30.510	12.169
30.520	10.406
30.530	11.309
30.540	10.019
30.550	11.266
30.560	10.019
30.570	8.299
30.580	9.546
30.590	7.009
30.600	7.439
30.610	4.816
30.620	6.149
30.630	4.429
30.640	3.096
30.650	3.139
30.660	0.559
30.670	0.946
30.680	-1.591
30.690	-1.161
30.700	-2.021
30.710	-4.644
30.720	-4.171
30.730	-5.891
30.740	-5.504
30.750	-7.611
30.760	-7.611
30.770	-8.471
30.780	-9.804
30.790	-8.901
30.800	-11.911
30.810	-10.234
30.820	-9.761
30.830	-12.771
30.840	-10.621
30.850	-12.814
30.860	-11.481
30.870	-11.911
30.880	-10.234
30.890	-10.191
30.900	-11.051
30.910	-8.471
30.920	-10.664
30.930	-8.041
30.940	-9.331
30.950	-7.224
30.960	-6.321
30.970	-6.751
30.980	-4.601
30.990	-5.074
31.000	-2.881
31.010	-3.311
31.020	-0.774
31.030	0.129
31.040	-0.301
31.050	2.236
31.060	1.849
31.070	4.429
31.080	4.859
31.090	4.386
31.100	6.579
31.110	6.149
31.120	8.256
31.130	7.869
31.140	9.589
31.150	10.406
31.160	9.589
31.170	11.309
31.180	9.976
31.190	9.159
31.200	10.449
31.210	12.986
31.220	12.169
31.230	10.449
31.240	12.126
31.250	9.589
31.260	10.879
31.270	9.976
31.280	10.019
31.290	9.589
31.300	7.826
31.310	8.299
31.320	6.149
31.330	6.536
31.340	5.719
31.350	3.139
31.360	3.956
31.370	1.849
31.380	2.279
31.390	-0.344
31.400	-0.301
31.410	-0.731
31.420	-3.784
31.430	-2.881
31.440	-5.461
31.450	-4.171
31.460	-6.794
31.470	-6.321
31.480	-7.181
31.490	-9.804
31.500	-8.041
31.510	-10.191
31.520	-10.191
31.530	-11.094
31.540	-9.761
31.550	-11.051
31.560	-11.524
31.570	-11.051
31.580	-12.771
31.590	-10.621
31.600	-10.234
31.610	-11.481
31.620	-9.761
31.630	-11.481
31.640	-9.804
31.650	-9.331
31.660	-8.041
31.670	-7.224
31.680	-7.611
31.690	-5.461
31.700	-6.321
31.710	-3.784
31.720	-2.881
31.730	-1.161
31.740	-1.204
31.750	-1.161
31.760	0.989
31.770	0.516
31.780	3.139
31.790	2.279
31.800	4.816
31.810	5.719
31.820	5.289
31.830	6.966
31.840	6.579
31.850	9.159
31.860	9.546
31.870	8.729
31.880	10.879
31.890	8.256
31.900	10.879
31.910	10.019
31.920	12.126
31.930	12.169
31.940	11.309
31.950	11.696
31.960	10.879
31.970	11.309
31.980	9.546
31.990	11.309
32.000	10.449
32.010	8.256
32.020	9.159
32.030	7.439
32.040	7.396
32.050	5.719
32.060	5.719
32.070	5.289
32.080	3.096
32.090	3.569
32.100	1.419
32.110	1.376
32.120	0.129
32.130	-2.021
32.140	-1.634
32.150	-3.741
32.160	-3.741
32.170	-5.934
32.180	-5.031
32.190	-5.891
32.200	-8.471
32.210	-7.654
32.220	-9.331
32.230	-8.471
32.240	-11.524
32.250	-10.191
32.260	-9.331
32.270	-11.911
32.280	-10.664
32.290	-11.911
32.300	-11.911
32.310	-11.911
32.320	-8.514
32.330	-10.191
32.340	-11.481
32.350	-9.804
32.360	-11.051
32.370	-8.901
32.380	-8.041
32.390	-8.944
32.400	-6.751
32.410	-7.181
32.420	-5.074
32.430	-5.461
32.440	-3.311
32.450	-2.451
32.460	-2.494
32.470	-0.731
32.480	-0.731
32.490	1.806
32.500	0.989
32.510	3.569
32.520	4.386
32.530	3.569
32.540	3.999
32.550	5.246
32.560	7.439
32.570	7.869
32.580	9.546
32.590	9.159
32.600	9.159
32.610	11.739
32.620	9.546
32.630	10.879
32.640	11.266
32.650	10.879
32.660	11.739
32.670	10.836
32.680	11.739
32.690	10.019
32.700	11.266
32.710	10.449
32.720	9.589
32.730	9.976
32.740	7.869
32.750	8.729
32.760	7.009
32.770	6.966
32.780	6.149
32.790	3.999
32.800	4.386
32.810	2.279
32.820	3.139
32.830	0.516
32.840	0.559
32.850	0.129
32.860	-2.924
32.870	-2.021
32.880	-4.601
32.890	-3.741
32.900	-4.644
32.910	-6.751
32.920	-6.321
32.930	-8.944
32.940	-8.041
32.950	-9.331
32.960	-9.331
32.970	-9.804
32.980	-11.051
32.990	-10.191
33.000	-11.954
33.010	-10.621
33.020	-12.341
33.030	-11.051
33.040	-10.664
33.050	-11.481
33.060	-9.761
33.070	-9.761
33.080	-8.944
33.090	-10.621
33.100	-7.611
33.110	-7.654
33.120	-8.471
33.130	-5.891
33.140	-6.321
33.150	-4.214
33.160	-3.741
33.170	-3.741
33.180	-1.634
33.190	-2.021
33.200	0.129
33.210	0.086
33.220	2.279
33.230	3.139
33.240	3.139
33.250	4.816
33.260	4.859
33.270	6.579
33.280	6.106
33.290	8.299
33.300	9.159
33.310	8.256
33.320	10.449
33.330	8.299
33.340	9.976
33.350	10.019
33.360	11.309
33.370	11.696
33.380	11.739
33.390	11.309
33.400	10.406
33.410	12.169
33.420	10.879
33.430	9.546
33.440	10.879
33.450	8.299
33.460	9.116
33.470	8.299
33.480	7.869
33.490	7.396
33.500	4.859
33.510	5.719
33.520	3.096
33.530	3.569
33.540	1.849
33.550	1.806
33.560	0.989
33.570	-1.161
33.580	-1.161
33.590	-3.784
33.600	-2.881
33.610	-5.461
33.620	-4.644
33.630	-5.031
33.640	-8.041
33.650	-7.224
33.660	-9.761
33.670	-8.041
33.680	-8.901
33.690	-11.524
33.700	-9.761
33.710	-11.481
33.720	-10.621
33.730	-11.954
33.740	-11.051
33.750	-11.481
33.760	-11.524
33.770	-10.191
33.780	-11.481
33.790	-9.761
33.800	-11.524
33.810	-9.331
33.820	-8.041
33.830	-9.331
33.840	-7.224
33.850	-7.181
33.860	-5.461
33.870	-5.934
33.880	-3.741
33.890	-2.881
33.900	-3.311
33.910	-0.774
33.920	-1.161
33.930	0.989
33.940	2.236
33.950	1.849
33.960	3.999
33.970	3.096
33.980	6.149
33.990	4.859
34.000	6.966
34.010	8.299
34.020	8.299
34.030	9.116
34.040	8.729
34.050	11.309
34.060	9.976
34.070	10.879
34.080	11.309
34.090	10.406
34.100	12.169
34.110	10.879
34.120	11.696
34.130	10.879
34.140	10.879
34.150	10.836
34.160	9.589
34.170	10.449
34.180	7.826
34.190	9.589
34.200	8.299
34.210	6.106
34.220	6.579
34.230	4.429
34.240	5.289
34.250	2.666
34.260	3.139
34.270	2.279
34.280	0.086
34.290	0.129
34.300	-2.021
34.310	-2.064
34.320	-4.171
34.330	-3.741
34.340	-4.171
34.350	-6.364
34.360	-5.891
34.370	-8.471
34.380	-8.084
34.390	-9.331
34.400	-8.471
34.410	-10.191
34.420	-11.524
34.430	-9.331
34.440	-11.911
34.450	-10.664
34.460	-9.761
34.470	-13.201
34.480	-10.191
34.490	-11.954
34.500	-9.761
34.510	-11.051
34.520	-7.224
34.530	-9.761
34.540	-9.331
34.550	-7.611
34.560	-8.944
34.570	-6.751
34.580	-6.751
34.590	-4.601
34.600	-4.214
34.610	-4.601
34.620	-2.021
34.630	-2.494
34.640	-0.301
34.650	-0.731
34.660	1.806
34.670	2.709
34.680	2.279
34.690	4.386
34.700	3.999
34.710	6.149
34.720	5.719
34.730	7.826
34.740	8.729
34.750	7.869
34.760	9.546
34.770	9.159
34.780	11.309
34.790	8.686
34.800	9.159
34.810	11.739
34.820	10.836
34.830	11.739
34.840	10.879
34.850	11.696
34.860	10.879
34.870	9.159
34.880	10.836
34.890	9.159
34.900	9.159
34.910	7.396
34.920	8.729
34.930	7.439
34.940	5.246
34.950	5.719
34.960	3.569
34.970	3.956
34.980	1.849
34.990	2.279
35.000	1.376
35.010	-0.731
35.020	-0.301
35.030	-2.924
35.040	-2.451
35.050	-2.881
35.060	-5.461
35.070	-4.644
35.080	-7.181
35.090	-6.751
35.100	-8.944
35.110	-7.611
35.120	-8.471
35.130	-11.051
35.140	-9.374
35.150	-10.621
35.160	-10.191
35.170	-11.481
35.180	-10.234
35.190	-11.481
35.200	-11.481
35.210	-10.234
35.220	-11.051
35.230	-9.331
35.240	-11.051
35.250	-9.804
35.260	-8.471
35.270	-8.901
35.280	-7.181
35.290	-8.084
35.300	-5.461
35.310	-5.031
35.320	-4.214
35.330	-2.021
35.340	-3.741
35.350	-1.204
35.360	-2.021
35.370	0.989
35.380	1.419
35.390	1.376
35.400	3.139
35.410	3.139
35.420	4.816
35.430	4.859
35.440	6.579
35.450	7.826
35.460	7.009
35.470	9.159
35.480	8.256
35.490	8.729
35.500	9.159
35.510	10.836
35.520	10.879
35.530	10.019
35.540	11.696
35.550	11.309
35.560	11.309
35.570	11.696
35.580	10.019
35.590	10.449
35.600	9.546
35.610	10.879
35.620	8.299
35.630	8.686
35.640	8.729
35.650	7.009
35.660	6.579
35.670	4.816
35.680	5.289
35.690	3.139
35.700	3.526
35.710	2.709
35.720	0.989
35.730	0.516
35.740	-1.591
35.750	-1.161
35.760	-3.784
35.770	-2.881
35.780	-4.171
35.790	-5.891
35.800	-5.074
35.810	-8.041
35.820	-7.611
35.830	-7.654
35.840	-9.761
35.850	-8.901
35.860	-11.051
35.870	-9.374
35.880	-11.481
35.890	-10.621
35.900	-10.191
35.910	-12.814
35.920	-8.901
35.930	-11.051
35.940	-10.234
35.950	-11.051
35.960	-9.331
35.970	-9.761
35.980	-10.234
35.990	-7.611
36.000	-8.901
36.010	-7.181
36.020	-7.224
36.030	-5.031
36.040	-4.601
36.050	-4.644
36.060	-2.881
36.070	-2.881
36.080	-1.161
36.090	0.086
36.100	-0.301
36.110	2.279
36.120	-0.774
36.130	4.429
36.140	3.569
36.150	5.246
36.160	6.149
36.170	5.719
36.180	8.686
36.190	7.869
36.200	8.729
36.210	8.686
36.220	10.879
36.230	11.309
36.240	9.116
36.250	10.449
36.260	10.879
36.270	11.696
36.280	10.449
36.290	11.309
36.300	11.696
36.310	9.159
36.320	10.879
36.330	9.116
36.340	10.019
36.350	9.589
36.360	7.439
36.370	8.256
36.380	5.719
36.390	6.579
36.400	4.386
36.410	4.859
36.420	3.569
36.430	1.806
36.440	2.279
36.450	-0.301
36.460	0.086
36.470	-2.021
36.480	-1.591
36.490	-2.881
36.500	-4.644
36.510	-4.171
36.520	-6.321
36.530	-5.934
36.540	-8.471
36.550	-7.611
36.560	-7.611
36.570	-10.234
36.580	-9.761
36.590	-10.621
36.600	-9.374
36.610	-11.911
36.620	-10.191
36.630	-10.621
36.640	-12.384
36.650	-10.191
36.660	-11.051
36.670	-9.761
36.680	-9.804
36.690	-10.621
36.700	-8.901
36.710	-7.654
36.720	-7.181
36.730	-8.471
36.740	-6.321
36.750	-5.504
36.760	-5.461
36.770	-3.741
36.780	-4.214
36.790	-2.021
36.800	-2.451
36.810	0.129
36.820	0.946
36.830	0.559
36.840	2.709
36.850	2.236
36.860	4.859
36.870	3.999
36.880	6.106
36.890	7.009
36.900	6.579
36.910	8.686
36.920	7.869
36.930	10.019
36.940	10.406
36.950	9.159
36.960	10.879
36.970	8.729
36.980	9.546
36.990	10.879
37.000	11.739
37.010	11.266
37.020	10.019
37.030	10.879
37.040	9.116
37.050	10.879
37.060	8.729
37.070	9.116
37.080	9.159
37.090	7.009
37.100	7.396
37.110	4.859
37.120	5.719
37.130	3.956
37.140	3.999
37.150	2.709
37.160	0.946
37.170	0.989
37.180	-0.731
37.190	-0.731
37.200	-2.064
37.210	-3.741
37.220	-3.311
37.230	-5.504
37.240	-5.031
37.250	-7.181
37.260	-7.224
37.270	-7.611
37.280	-8.901
37.290	-8.471
37.300	-11.094
37.310	-9.331
37.320	-10.621
37.330	-10.621
37.340	-10.234
37.350	-11.481
37.360	-11.481
37.370	-11.051
37.380	-10.234
37.390	-11.051
37.400	-9.331
37.410	-9.804
37.420	-10.621
37.430	-8.041
37.440	-8.901
37.450	-7.654
37.460	-5.891
37.470	-6.751
37.480	-4.644
37.490	-5.031
37.500	-2.881
37.510	-3.311
37.520	-1.634
37.530	-0.301
37.540	-0.301
37.550	1.806
37.560	1.419
37.570	3.569
37.580	3.139
37.590	5.246
37.600	5.719
37.610	5.289
37.620	7.826
37.630	7.869
37.640	8.729
37.650	8.256
37.660	10.449
37.670	10.879
37.680	9.546
37.690	10.449
37.700	10.449
37.710	11.696
37.720	11.739
37.730	10.019
37.740	11.696
37.750	10.019
37.760	10.019
37.770	9.546
37.780	10.449
37.790	9.159
37.800	7.396
37.810	8.729
37.820	6.579
37.830	6.536
37.840	4.429
37.850	5.289
37.860	3.956
37.870	2.279
37.880	2.279
37.890	0.559
37.900	0.516
37.910	-1.591
37.920	-1.591
37.930	-2.494
37.940	-4.601
37.950	-3.311
37.960	-5.891
37.970	-5.934
37.980	-7.611
37.990	-7.611
38.000	-7.654
38.010	-9.331
38.020	-9.761
38.030	-10.621
38.040	-8.944
38.050	-9.761
38.060	-11.911
38.070	-10.191
38.080	-11.954
38.090	-10.621
38.100	-11.481
38.110	-8.944
38.120	-8.041
38.130	-10.621
38.140	-9.331
38.150	-10.234
38.160	-7.181
38.170	-8.901
38.180	-6.751
38.190	-5.934
38.200	-5.891
38.210	-4.171
38.220	-4.644
38.230	-2.451
38.240	-2.881
38.250	-0.731
38.260	0.516
38.270	-0.301
38.280	2.279
38.290	1.806
38.300	4.429
38.310	4.859
38.320	4.386
38.330	6.149
38.340	6.149
38.350	8.686
38.360	7.009
38.370	9.159
38.380	7.826
38.390	9.159
38.400	10.879
38.410	9.116
38.420	10.879
38.430	10.019
38.440	11.739
38.450	11.266
38.460	10.019
38.470	11.309
38.480	8.686
38.490	10.449
38.500	8.729
38.510	9.976
38.520	8.729
38.530	7.009
38.540	7.826
38.550	5.289
38.560	6.149
38.570	5.246
38.580	3.139
38.590	3.569
38.600	0.946
38.610	1.849
38.620	-0.731
38.630	0.129
38.640	-1.204
38.650	-2.881
38.660	-2.451
38.670	-5.074
38.680	-4.171
38.690	-6.751
38.700	-6.321
38.710	-7.224
38.720	-8.041
38.730	-8.041
38.740	-10.234
38.750	-9.331
38.760	-10.191
38.770	-9.761
38.780	-9.804
38.790	-11.051
38.800	-10.621
38.810	-11.911
38.820	-9.804
38.830	-9.761
38.840	-10.621
38.850	-9.374
38.860	-10.621
38.870	-8.901
38.880	-8.901
38.890	-7.224
38.900	-5.891
38.910	-5.891
38.920	-5.031
38.930	-5.504
38.940	-3.311
38.950	-3.741
38.960	-1.634
38.970	-1.161
38.980	-0.731
38.990	0.946
39.000	0.989
39.010	2.709
39.020	2.709
39.030	4.816
39.040	5.289
39.050	4.859
39.060	6.966
39.070	7.009
39.080	8.299
39.090	9.116
39.100	7.439
39.110	9.159
39.120	9.546
39.130	10.449
39.140	9.589
39.150	11.266
39.160	12.169
39.170	10.019
39.180	10.836
39.190	10.019
39.200	10.449
39.210	8.686
39.220	10.879
39.230	10.019
39.240	7.396
39.250	8.729
39.260	6.579
39.270	7.439
39.280	4.816
39.290	4.859
39.300	4.859
39.310	2.666
39.320	2.709
39.330	0.559
39.340	1.376
39.350	-1.161
39.360	-0.731
39.370	-2.021
39.380	-3.784
39.390	-3.311
39.400	-5.461
39.410	-5.074
39.420	-6.321
39.430	-8.041
39.440	-7.611
39.450	-8.944
39.460	-8.471
39.470	-11.051
39.480	-8.944
39.490	-9.761
39.500	-11.481
39.510	-10.191
39.520	-11.524
39.530	-10.621
39.540	-11.481
39.550	-9.331
39.560	-8.084
39.570	-10.191
39.580	-9.331
39.590	-10.234
39.600	-8.471
39.610	-8.471
39.620	-6.751
39.630	-6.364
39.640	-6.751
39.650	-4.171
39.660	-5.031
39.670	-3.354
39.680	-2.021
39.690	-4.171
39.700	-0.344
39.710	-0.731
39.720	1.849
39.730	1.376
39.740	3.999
39.750	4.429
39.760	3.139
39.770	6.106
39.780	5.289
39.790	8.299
39.800	6.966
39.810	8.729
39.820	9.589
39.830	9.116
39.840	10.449
39.850	9.159
39.860	10.406
39.870	10.449
39.880	11.309
39.890	11.696
39.900	10.019
39.910	11.309
39.920	9.116
39.930	10.449
39.940	10.449
39.950	8.686
39.960	9.159
39.970	7.439
39.980	8.256
39.990	6.149
40.000	6.579
40.010	5.719
40.020	3.956
40.030	3.999
40.040	1.849
40.050	2.236
40.060	0.129
40.070	0.559
40.080	-0.774
40.090	-2.451
40.100	-2.451
40.110	-4.171
40.120	-3.784
40.130	-5.891
40.140	-5.461
40.150	-6.794
40.160	-8.471
40.170	-7.611
40.180	-9.331
40.190	-9.374
40.200	-9.331
40.210	-10.191
40.220	-9.761
40.230	-11.524
40.240	-9.761
40.250	-12.341
40.260	-10.234
40.270	-9.761
40.280	-11.051
40.290	-7.611
40.300	-9.804
40.310	-8.901
40.320	-9.761
40.330	-7.181
40.340	-7.224
40.350	-8.041
40.360	-5.461
40.370	-5.934
40.380	-3.741
40.390	-4.171
40.400	-2.451
40.410	-1.204
40.420	-2.021
40.430	0.559
40.440	0.086
40.450	2.709
40.460	1.849
40.470	4.429
40.480	4.816
40.490	4.429
40.500	6.579
40.510	6.106
40.520	8.299
40.530	8.299
40.540	8.256
40.550	10.019
40.560	9.159
40.570	9.976
40.580	9.159
40.590	8.729
40.600	11.266
40.610	10.449
40.620	11.309
40.630	9.546
40.640	10.879
40.650	9.159
40.660	9.976
40.670	10.449
40.680	7.869
40.690	8.686
40.700	6.579
40.710	7.869
40.720	5.289
40.730	5.676
40.740	4.859
40.750	2.709
40.760	3.526
40.770	0.559
40.780	1.419
40.790	0.516
40.800	-1.591
40.810	-1.161
40.820	-3.311
40.830	-2.924
40.840	-5.031
40.850	-4.601
40.860	-5.504
40.870	-8.041
40.880	-6.751
40.890	-8.901
40.900	-8.084
40.910	-10.191
40.920	-8.901
40.930	-8.944
40.940	-11.051
40.950	-9.761
40.960	-11.051
40.970	-10.664
40.980	-11.481
40.990	-9.761
41.000	-9.331
41.010	-10.664
41.020	-8.901
41.030	-10.621
41.040	-8.471
41.050	-7.654
41.060	-8.041
41.070	-6.751
41.080	-6.794
41.090	-4.601
41.100	-5.031
41.110	-3.311
41.120	-2.494
41.130	-2.451
41.140	-0.301
41.150	-1.204
41.160	1.419
41.170	0.989
41.180	3.139
41.190	3.956
41.200	3.139
41.210	5.719
41.220	4.816
41.230	7.439
41.240	7.009
41.250	8.256
41.260	9.159
41.270	8.729
41.280	10.406
41.290	9.159
41.300	10.449
41.310	9.546
41.320	11.309
41.330	11.739
41.340	9.546
41.350	11.309
41.360	10.019
41.370	9.976
41.380	10.019
41.390	9.159
41.400	9.589
41.410	7.396
41.420	8.299
41.430	6.579
41.440	6.536
41.450	6.149
41.460	3.999
41.470	4.386
41.480	2.279
41.490	2.709
41.500	0.086
41.510	0.989
41.520	0.129
41.530	-2.451
41.540	-1.634
41.550	-3.741
41.560	-3.311
41.570	-5.504
41.580	-5.461
41.590	-5.891
41.600	-8.471
41.610	-7.224
41.620	-8.901
41.630	-8.901
41.640	-8.944
41.650	-10.191
41.660	-9.331
41.670	-11.481
41.680	-9.804
41.690	-11.911
41.700	-10.621
41.710	-7.181
41.720	-11.094
41.730	-9.331
41.740	-10.191
41.750	-8.901
41.760	-10.234
41.770	-8.041
41.780	-7.181
41.790	-8.084
41.800	-5.891
41.810	-6.321
41.820	-4.171
41.830	-5.074
41.840	-2.451
41.850	-2.021
41.860	-2.064
41.870	0.129
41.880	-0.731
41.890	2.279
41.900	2.666
41.910	2.279
41.920	4.429
41.930	3.956
41.940	5.719
41.950	5.719
41.960	7.826
41.970	8.299
41.980	6.579
41.990	7.826
42.000	9.159
42.010	10.019
42.020	8.729
42.030	10.406
42.040	11.309
42.050	9.589
42.060	11.266
42.070	10.019
42.080	10.879
42.090	8.686
42.100	10.449
42.110	9.589
42.120	8.256
42.130	9.159
42.140	7.009
42.150	7.826
42.160	5.719
42.170	6.149
42.180	5.676
42.190	3.569
42.200	3.569
42.210	1.376
42.220	2.279
42.230	0.989
42.240	-1.161
42.250	-0.344
42.260	-2.881
42.270	-2.021
42.280	-4.644
42.290	-3.741
42.300	-4.601
42.310	-7.181
42.320	-6.794
42.330	-8.041
42.340	-7.181
42.350	-9.761
42.360	-8.944
42.370	-8.471
42.380	-10.621
42.390	-9.804
42.400	-10.621
42.410	-10.191
42.420	-11.481
42.430	-9.804
42.440	-9.761
42.450	-10.191
42.460	-9.331
42.470	-10.234
42.480	-8.901
42.490	-8.041
42.500	-8.471
42.510	-6.794
42.520	-7.611
42.530	-5.031
42.540	-5.504
42.550	-3.741
42.560	-2.021
42.570	-2.881
42.580	-0.344
42.590	-0.731
42.600	0.559
42.610	0.516
42.620	2.709
42.630	2.709
42.640	1.806
42.650	3.999
42.660	4.859
42.670	6.579
42.680	6.536
42.690	7.869
42.700	8.729
42.710	8.256
42.720	9.589
42.730	9.159
42.740	10.406
42.750	10.019
42.760	9.589
42.770	11.266
42.780	10.019
42.790	10.879
42.800	9.546
42.810	10.879
42.820	10.019
42.830	8.686
42.840	10.019
42.850	7.439
42.860	8.256
42.870	7.009
42.880	7.009
42.890	6.579
42.900	4.386
42.910	4.429
42.920	2.709
42.930	3.096
42.940	0.989
42.950	1.419
42.960	0.086
42.970	-1.591
42.980	-1.161
42.990	-3.741
43.000	-2.924
43.010	-4.601
43.020	-5.031
43.030	-5.504
43.040	-7.611
43.050	-7.181
43.060	-8.901
43.070	-7.654
43.080	-8.901
43.090	-10.621
43.100	-8.901
43.110	-11.094
43.120	-9.761
43.130	-11.051
43.140	-10.664
43.150	-9.761
43.160	-11.051
43.170	-9.331
43.180	-10.234
43.190	-8.901
43.200	-10.621
43.210	-8.041
43.220	-7.224
43.230	-8.471
43.240	-6.751
43.250	-6.321
43.260	-4.214
43.270	-5.031
43.280	-3.311
43.290	-2.494
43.300	-2.451
43.310	-0.301
43.320	-0.731
43.330	1.806
43.340	2.279
43.350	1.849
43.360	3.526
43.370	3.569
43.380	5.719
43.390	4.816
43.400	7.869
43.410	7.869
43.420	6.966
43.430	9.159
43.440	8.729
43.450	10.406
43.460	9.159
43.470	10.019
43.480	10.879
43.490	9.546
43.500	11.309
43.510	10.019
43.520	10.836
43.530	9.589
43.540	10.019
43.550	9.976
43.560	8.729
43.570	9.589
43.580	6.966
43.590	8.299
43.600	7.439
43.610	5.676
43.620	5.719
43.630	3.999
43.640	3.956
43.650	2.279
43.660	2.279
43.670	1.849
43.680	-0.774
43.690	0.129
43.700	-2.451
43.710	-1.634
43.720	-4.171
43.730	-3.311
43.740	-4.601
43.750	-6.364
43.760	-5.891
43.770	-8.471
43.780	-6.794
43.790	-8.901
43.800	-8.901
43.810	-8.901
43.820	-10.234
43.830	-9.331
43.840	-11.051
43.850	-9.331
43.860	-11.954
43.870	-10.191
43.880	-9.761
43.890	-10.621
43.900	-8.944
43.910	-10.191
43.920	-8.901
43.930	-6.364
43.940	-8.471
43.950	-6.751
43.960	-8.041
43.970	-5.934
43.980	-5.891
43.990	-3.741
44.000	-3.311
44.010	-3.784
44.020	-1.591
44.030	-2.021
44.040	0.086
44.050	-0.301
44.060	1.849
44.070	3.139
44.080	2.236
44.090	4.429
44.100	3.999
44.110	6.106
44.120	5.719
44.130	7.869
44.140	7.826
44.150	7.439
44.160	9.589
44.170	8.686
44.180	10.019
44.190	10.019
44.200	9.546
44.210	10.019
44.220	8.299
44.230	11.266
44.240	9.159
44.250	10.879
44.260	10.019
44.270	8.686
44.280	9.589
44.290	8.299
44.300	8.686
44.310	6.579
44.320	7.439
44.330	6.966
44.340	4.859
44.350	5.289
44.360	2.666
44.370	3.569
44.380	1.419
44.390	1.849
44.400	0.946
44.410	-1.591
44.420	-0.731
44.430	-2.924
44.440	-2.451
44.450	-3.311
44.460	-5.461
44.470	-4.644
44.480	-7.611
44.490	-6.321
44.500	-8.084
44.510	-7.611
44.520	-8.471
44.530	-10.191
44.540	-8.084
44.550	-10.621
44.560	-9.761
44.570	-10.621
44.580	-9.804
44.590	-10.191
44.600	-11.051
44.610	-8.901
44.620	-10.234
44.630	-8.901
44.640	-10.191
44.650	-8.514
44.660	-8.041
44.670	-8.041
44.680	-6.321
44.690	-7.224
44.700	-5.031
44.710	-5.031
44.720	-3.311
44.730	-2.494
44.740	-3.311
44.750	-0.731
44.760	-1.204
44.770	0.559
44.780	2.279
44.790	1.376
44.800	3.139
44.810	3.139
44.820	4.859
44.830	4.816
44.840	7.009
44.850	7.869
44.860	6.536
44.870	8.729
44.880	8.299
44.890	9.976
44.900	8.729
44.910	10.019
44.920	9.976
44.930	10.019
44.940	10.879
44.950	9.976
44.960	10.449
44.970	9.589
44.980	10.449
44.990	9.546
45.000	8.729
45.010	10.019
45.020	6.966
45.030	8.299
45.040	7.869
45.050	5.676
45.060	6.149
45.070	3.999
45.080	4.386
45.090	2.709
45.100	3.139
45.110	1.849
45.120	-0.344
45.130	0.559
45.140	-2.021
45.150	-1.204
45.160	-3.741
45.170	-3.311
45.180	-3.741
45.190	-6.364
45.200	-5.461
45.210	-8.041
45.220	-6.794
45.230	-8.471
45.240	-8.471
45.250	-8.901
45.260	-9.804
45.270	-6.751
45.280	-11.051
45.290	-9.761
45.300	-10.664
45.310	-10.191
45.320	-9.761
45.330	-10.621
45.340	-9.374
45.350	-10.191
45.360	-8.901
45.370	-8.514
45.380	-9.331
45.390	-7.181
45.400	-8.041
45.410	-5.934
45.420	-6.751
45.430	-4.171
45.440	-3.741
45.450	-4.214
45.460	-2.021
45.470	-2.451
45.480	0.086
45.490	-0.731
45.500	1.419
45.510	2.709
45.520	1.376
45.530	4.429
45.540	3.139
45.550	5.246
45.560	3.569
45.570	7.009
45.580	7.826
45.590	6.579
45.600	9.589
45.610	8.256
45.620	10.019
45.630	10.019
45.640	8.729
45.650	10.836
45.660	9.159
45.670	11.309
45.680	9.546
45.690	10.449
45.700	10.449
45.710	8.686
45.720	9.589
45.730	8.299
45.740	9.116
45.750	7.439
45.760	7.439
45.770	7.396
45.780	5.289
45.790	5.289
45.800	3.956
45.810	3.999
45.820	1.849
45.830	2.279
45.840	1.376
45.850	-0.301
45.860	-0.301
45.870	-2.494
45.880	-2.021
45.890	-2.451
45.900	-5.031
45.910	-4.214
45.920	-6.751
45.930	-6.321
45.940	-7.611
45.950	-6.794
45.960	-8.041
45.970	-9.761
45.980	-8.514
45.990	-9.761
46.000	-9.761
46.010	-10.621
46.020	-9.374
46.030	-10.191
46.040	-11.051
46.050	-9.331
46.060	-10.664
46.070	-8.901
46.080	-9.761
46.090	-8.471
46.100	-8.514
46.110	-8.471
46.120	-5.891
46.130	-5.934
46.140	-5.461
46.150	-5.891
46.160	-3.311
46.170	-2.924
46.180	-3.741
46.190	-1.161
46.200	-2.021
46.210	0.516
46.220	0.989
46.230	0.989
46.240	3.096
46.250	2.279
46.260	4.429
46.270	3.956
46.280	6.149
46.290	7.009
46.300	6.579
46.310	7.826
46.320	7.869
46.330	9.589
46.340	8.256
46.350	10.019
46.360	10.019
46.370	8.686
46.380	10.879
46.390	10.019
46.400	8.686
46.410	8.729
46.420	10.449
46.430	9.976
46.440	8.299
46.450	9.589
46.460	8.256
46.470	8.299
46.480	7.439
46.490	6.149
46.500	6.536
46.510	4.859
46.520	4.859
46.530	2.666
46.540	3.569
46.550	2.709
46.560	0.086
46.570	0.989
46.580	-1.591
46.590	-1.161
46.600	-2.924
46.610	-2.451
46.620	-3.741
46.630	-5.504
46.640	-5.031
46.650	-7.611
46.660	-6.321
46.670	-8.084
46.680	-7.611
46.690	-8.471
46.700	-9.761
46.710	-8.944
46.720	-10.191
46.730	-9.331
46.740	-11.051
46.750	-9.804
46.760	-9.761
46.770	-11.051
46.780	-8.944
46.790	-10.191
46.800	-8.471
46.810	-8.901
46.820	-9.804
46.830	-7.181
46.840	-7.611
46.850	-6.751
46.860	-6.794
46.870	-4.601
46.880	-4.171
46.890	-4.214
46.900	-2.451
46.910	-2.881
46.920	-0.301
46.930	-1.204
46.940	1.419
46.950	1.849
46.960	1.376
46.970	3.569
46.980	3.139
46.990	4.859
47.000	4.816
47.010	7.439
47.020	7.869
47.030	6.106
47.040	8.299
47.050	8.729
47.060	9.976
47.070	10.019
47.080	8.299
47.090	10.406
47.100	9.589
47.110	10.879
47.120	9.589
47.130	10.406
47.140	10.879
47.150	8.729
47.160	9.546
47.170	8.299
47.180	9.589
47.190	7.396
47.200	7.869
47.210	7.439
47.220	5.676
47.230	6.149
47.240	3.999
47.250	3.956
47.260	2.709
47.270	2.709
47.280	1.849
47.290	-0.344
47.300	0.559
47.310	-2.021
47.320	-1.634
47.330	-3.741
47.340	-2.881
47.350	-4.171
47.360	-5.934
47.370	-5.891
47.380	-7.611
47.390	-6.321
47.400	-7.224
47.410	-9.761
47.420	-8.901
47.430	-9.804
47.440	-8.471
47.450	-10.621
47.460	-9.761
47.470	-9.804
47.480	-11.481
47.490	-9.331
47.500	-10.621
47.510	-8.944
47.520	-7.611
47.530	-8.471
47.540	-8.471
47.550	-8.944
47.560	-6.751
47.570	-7.611
47.580	-6.321
47.590	-6.364
47.600	-4.171
47.610	-2.881
47.620	-4.214
47.630	-2.021
47.640	-2.021
47.650	-0.301
47.660	0.516
47.670	0.559
47.680	2.279
47.690	2.236
47.700	3.999
47.710	3.569
47.720	5.676
47.730	6.579
47.740	6.149
47.750	7.439
47.760	6.966
47.770	9.159
47.780	8.299
47.790	9.116
47.800	7.869
47.810	9.159
47.820	10.406
47.830	9.159
47.840	10.879
47.850	9.546
47.860	10.449
47.870	10.019
47.880	8.686
47.890	9.159
47.900	7.869
47.910	8.729
47.920	6.966
47.930	7.439
47.940	7.009
47.950	4.816
47.960	5.289
47.970	3.569
47.980	3.956
47.990	2.709
48.000	0.559
48.010	1.419
48.020	-0.774
48.030	-0.301
48.040	-2.881
48.050	-2.064
48.060	-2.881
48.070	-4.601
48.080	-4.601
48.090	-6.794
48.100	-6.321
48.110	-7.611
48.120	-6.751
48.130	-8.084
48.140	-9.761
48.150	-7.611
48.160	-10.234
48.170	-8.901
48.180	-10.621
48.190	-9.331
48.200	-10.234
48.210	-10.191
48.220	-9.331
48.230	-9.761
48.240	-8.514
48.250	-8.471
48.260	-9.761
48.270	-8.041
48.280	-8.084
48.290	-6.321
48.300	-7.181
48.310	-5.461
48.320	-4.214
48.330	-4.601
48.340	-2.881
48.350	-2.924
48.360	-1.161
48.370	-1.591
48.380	0.559
48.390	1.376
48.400	0.989
48.410	3.569
48.420	2.236
48.430	4.429
48.440	4.429
48.450	6.536
48.460	7.439
48.470	5.719
48.480	8.299
48.490	7.826
48.500	9.589
48.510	8.299
48.520	9.976
48.530	9.589
48.540	9.159
48.550	10.836
48.560	9.589
48.570	10.449
48.580	10.406
48.590	9.159
48.600	9.589
48.610	7.826
48.620	9.589
48.630	7.869
48.640	8.299
48.650	7.396
48.660	6.149
48.670	6.149
48.680	4.386
48.690	4.429
48.700	2.709
48.710	3.096
48.720	2.279
48.730	0.129
48.740	0.989
48.750	-2.064
48.760	-0.731
48.770	-3.311
48.780	-2.924
48.790	-3.311
48.800	-5.891
48.810	-5.031
48.820	-7.654
48.830	-6.321
48.840	-6.751
48.850	-9.331
48.860	-8.514
48.870	-9.761
48.880	-8.471
48.890	-10.621
48.900	-9.374
48.910	-9.331
48.920	-9.331
48.930	-8.944
48.940	-10.621
48.950	-8.901
48.960	-9.761
48.970	-8.944
48.980	-8.041
48.990	-9.761
49.000	-7.181
49.010	-7.654
49.020	-5.891
49.030	-7.181