Motion Sensor Data File Thu, Oct 07, 2021 10:26 AM
Time (s)	Distance (cm)	Dist Error (cm)
6.630	19.826	0.239
6.640	19.982	0.239
6.650	20.116	0.239
6.660	20.264	0.239
6.670	20.389	0.239
6.680	20.537	0.239
6.690	20.676	0.239
6.700	20.788	0.239
6.710	20.919	0.239
6.720	21.015	0.239
6.730	21.119	0.239
6.740	21.206	0.239
6.750	21.293	0.239
6.760	21.371	0.239
6.770	21.424	0.239
6.780	21.477	0.239
6.790	21.504	0.239
6.800	21.540	0.239
6.810	21.549	0.239
6.820	21.555	0.239
6.830	21.552	0.239
6.840	21.523	0.239
6.850	21.494	0.239
6.860	21.435	0.239
6.870	21.384	0.239
6.880	21.312	0.239
6.890	21.236	0.239
6.900	21.143	0.239
6.910	21.040	0.239
6.920	20.938	0.239
6.930	20.811	0.239
6.940	20.695	0.239
6.950	20.572	0.239
6.960	20.419	0.239
6.970	20.295	0.239
6.980	20.141	0.239
6.990	20.005	0.239
7.000	19.873	0.239
7.010	19.740	0.239
7.020	19.608	0.239
7.030	19.464	0.239
7.040	19.340	0.239
7.050	19.195	0.239
7.060	19.080	0.239
7.070	18.952	0.239
7.080	18.846	0.239
7.090	18.744	0.239
7.100	18.642	0.239
7.110	18.552	0.239
7.120	18.468	0.239
7.130	18.409	0.239
7.140	18.367	0.239
7.150	18.321	0.239
7.160	18.300	0.239
7.170	18.284	0.239
7.180	18.290	0.239
7.190	18.295	0.239
7.200	18.327	0.239
7.210	18.366	0.239
7.220	18.402	0.239
7.230	18.468	0.239
7.240	18.529	0.239
7.250	18.612	0.239
7.260	18.695	0.239
7.270	18.803	0.239
7.280	18.916	0.239
7.290	19.024	0.239
7.300	19.150	0.239
7.310	19.255	0.239
7.320	19.402	0.239
7.330	19.532	0.239
7.340	19.676	0.239
7.350	19.823	0.239
7.360	19.970	0.239
7.370	20.113	0.239
7.380	20.247	0.239
7.390	20.386	0.239
7.400	20.525	0.239
7.410	20.655	0.239
7.420	20.781	0.239
7.430	20.898	0.239
7.440	21.015	0.239
7.450	21.107	0.239
7.460	21.211	0.239
7.470	21.307	0.239
7.480	21.373	0.239
7.490	21.438	0.239
7.500	21.487	0.239
7.510	21.535	0.239
7.520	21.553	0.239
7.530	21.576	0.239
7.540	21.590	0.239
7.550	21.574	0.239
7.560	21.558	0.239
7.570	21.521	0.239
7.580	21.478	0.239
7.590	21.415	0.239
7.600	21.356	0.239
7.610	21.284	0.239
7.620	21.182	0.239
7.630	21.089	0.239
7.640	20.982	0.239
7.650	20.872	0.239
7.660	20.753	0.239
7.670	20.625	0.239
7.680	20.488	0.239
7.690	20.352	0.239
7.700	20.216	0.239
7.710	20.066	0.239
7.720	19.930	0.239
7.730	19.780	0.239
7.740	19.639	0.239
7.750	19.503	0.239
7.760	19.362	0.239
7.770	19.230	0.239
7.780	19.098	0.239
7.790	18.983	0.239
7.800	18.877	0.239
7.810	18.766	0.239
7.820	18.677	0.239
7.830	18.579	0.239
7.840	18.499	0.239
7.850	18.435	0.239
7.860	18.368	0.239
7.870	18.352	0.239
7.880	18.314	0.239
7.890	18.298	0.239
7.900	18.282	0.239
7.910	18.296	0.239
7.920	18.323	0.239
7.930	18.320	0.239
7.940	18.373	0.239
7.950	18.417	0.239
7.960	18.487	0.239
7.970	18.557	0.239
7.980	18.653	0.239
7.990	18.748	0.239
8.000	18.844	0.239
8.010	18.974	0.239
8.020	19.091	0.239
8.030	19.217	0.239
8.040	19.343	0.239
8.050	19.469	0.239
8.060	19.612	0.239
8.070	19.746	0.239
8.080	19.898	0.239
8.090	20.037	0.239
8.100	20.188	0.239
8.110	20.336	0.239
8.120	20.457	0.239
8.130	20.600	0.239
8.140	20.717	0.239
8.150	20.843	0.239
8.160	20.952	0.239
8.170	21.061	0.239
8.180	21.161	0.239
8.190	21.243	0.239
8.200	21.331	0.239
8.210	21.392	0.239
8.220	21.457	0.239
8.230	21.493	0.239
8.240	21.537	0.239
8.250	21.564	0.239
8.260	21.570	0.239
8.270	21.571	0.239
8.280	21.546	0.239
8.290	21.521	0.239
8.300	21.484	0.239
8.310	21.425	0.239
8.320	21.366	0.239
8.330	21.285	0.239
8.340	21.200	0.239
8.350	21.098	0.239
8.360	21.005	0.239
8.370	20.903	0.239
8.380	20.775	0.239
8.390	20.665	0.239
8.400	20.524	0.239
8.410	20.396	0.239
8.420	20.259	0.239
8.430	20.119	0.239
8.440	19.991	0.239
8.450	19.829	0.239
8.460	19.697	0.239
8.470	19.573	0.239
8.480	19.441	0.239
8.490	19.304	0.239
8.500	19.172	0.239
8.510	19.061	0.239
8.520	18.938	0.239
8.530	18.840	0.239
8.540	18.738	0.239
8.550	18.658	0.239
8.560	18.556	0.239
8.570	18.480	0.239
8.580	18.425	0.239
8.590	18.374	0.239
8.600	18.337	0.239
8.610	18.329	0.239
8.620	18.326	0.239
8.630	18.332	0.239
8.640	18.337	0.239
8.650	18.373	0.239
8.660	18.404	0.239
8.670	18.456	0.239
8.680	18.514	0.239
8.690	18.571	0.239
8.700	18.666	0.239
8.710	18.749	0.239
8.720	18.858	0.239
8.730	18.954	0.239
8.740	19.075	0.239
8.750	19.188	0.239
8.760	19.327	0.239
8.770	19.466	0.239
8.780	19.596	0.239
8.790	19.734	0.239
8.800	19.869	0.239
8.810	20.020	0.239
8.820	20.164	0.239
8.830	20.298	0.239
8.840	20.428	0.239
8.850	20.558	0.239
8.860	20.692	0.239
8.870	20.797	0.239
8.880	20.927	0.239
8.890	21.031	0.239
8.900	21.123	0.239
8.910	21.219	0.239
8.920	21.293	0.239
8.930	21.367	0.239
8.940	21.420	0.239
8.950	21.472	0.239
8.960	21.508	0.239
8.970	21.527	0.239
8.980	21.545	0.239
8.990	21.533	0.239
9.000	21.526	0.239
9.010	21.505	0.239
9.020	21.459	0.239
9.030	21.417	0.239
9.040	21.354	0.239
9.050	21.286	0.239
9.060	21.197	0.239
9.070	21.108	0.239
9.080	21.019	0.239
9.090	20.908	0.239
9.100	20.789	0.239
9.110	20.665	0.239
9.120	20.538	0.239
9.130	20.397	0.239
9.140	20.273	0.239
9.150	20.137	0.239
9.160	19.996	0.239
9.170	19.851	0.239
9.180	19.710	0.239
9.190	19.583	0.239
9.200	19.438	0.239
9.210	19.314	0.239
9.220	19.178	0.239
9.230	19.050	0.239
9.240	18.960	0.239
9.250	18.846	0.239
9.260	18.748	0.239
9.270	18.663	0.239
9.280	18.574	0.239
9.290	18.506	0.239
9.300	18.439	0.239
9.310	18.397	0.239
9.320	18.355	0.239
9.330	18.339	0.239
9.340	18.327	0.239
9.350	18.320	0.239
9.360	18.334	0.239
9.370	18.348	0.239
9.380	18.383	0.239
9.390	18.419	0.239
9.400	18.484	0.239
9.410	18.559	0.239
9.420	18.637	0.239
9.430	18.733	0.239
9.440	18.829	0.239
9.450	18.942	0.239
9.460	19.067	0.239
9.470	19.181	0.239
9.480	19.319	0.239
9.490	19.445	0.239
9.500	19.584	0.239
9.510	19.701	0.239
9.520	19.831	0.239
9.530	19.987	0.239
9.540	20.113	0.239
9.550	20.260	0.239
9.560	20.382	0.239
9.570	20.525	0.239
9.580	20.655	0.239
9.590	20.781	0.239
9.600	20.911	0.239
9.610	21.011	0.239
9.620	21.115	0.239
9.630	21.202	0.239
9.640	21.294	0.239
9.650	21.359	0.239
9.660	21.425	0.239
9.670	21.478	0.239
9.680	21.509	0.239
9.690	21.540	0.239
9.700	21.550	0.239
9.710	21.560	0.239
9.720	21.557	0.239
9.730	21.528	0.239
9.740	21.499	0.239
9.750	21.444	0.239
9.760	21.398	0.239
9.770	21.326	0.239
9.780	21.250	0.239
9.790	21.165	0.239
9.800	21.059	0.239
9.810	20.965	0.239
9.820	20.837	0.239
9.830	20.727	0.239
9.840	20.594	0.239
9.850	20.458	0.239
9.860	20.339	0.239
9.870	20.190	0.239
9.880	20.062	0.239
9.890	19.908	0.239
9.900	19.772	0.239
9.910	19.631	0.239
9.920	19.503	0.239
9.930	19.380	0.239
9.940	19.239	0.239
9.950	19.120	0.239
9.960	18.996	0.239
9.970	18.890	0.239
9.980	18.796	0.239
9.990	18.694	0.239
10.000	18.614	0.239
10.010	18.524	0.239
10.020	18.470	0.239
10.030	18.428	0.239
10.040	18.390	0.239
10.050	18.344	0.239
10.060	18.320	0.239
10.070	18.321	0.239
10.080	18.318	0.239
10.090	18.345	0.239
10.100	18.367	0.239
10.110	18.416	0.239
10.120	18.477	0.239
10.130	18.534	0.239
10.140	18.617	0.239
10.150	18.696	0.239
10.160	18.791	0.239
10.170	18.895	0.239
10.180	18.996	0.239
10.190	19.121	0.239
10.200	19.234	0.239
10.210	19.373	0.239
10.220	19.499	0.239
10.230	19.638	0.239
10.240	19.781	0.239
10.250	19.915	0.239
10.260	20.058	0.239
10.270	20.192	0.239
10.280	20.331	0.239
10.290	20.449	0.239
10.300	20.591	0.239
10.310	20.713	0.239
10.320	20.826	0.239
10.330	20.939	0.239
10.340	21.035	0.239
10.350	21.131	0.239
10.360	21.205	0.239
10.370	21.292	0.239
10.380	21.362	0.239
10.390	21.406	0.239
10.400	21.459	0.239
10.410	21.482	0.239
10.420	21.504	0.239
10.430	21.518	0.239
10.440	21.511	0.239
10.450	21.494	0.239
10.460	21.457	0.239
10.470	21.424	0.239
10.480	21.365	0.239
10.490	21.310	0.239
10.500	21.238	0.239
10.510	21.144	0.239
10.520	21.060	0.239
10.530	20.958	0.239
10.540	20.855	0.239
10.550	20.728	0.239
10.560	20.617	0.239
10.570	20.489	0.239
10.580	20.353	0.239
10.590	20.225	0.239
10.600	20.076	0.239
10.610	19.943	0.239
10.620	19.824	0.239
10.630	19.684	0.239
10.640	19.556	0.239
10.650	19.415	0.239
10.660	19.292	0.239
10.670	19.160	0.239
10.680	19.053	0.239
10.690	18.947	0.239
10.700	18.836	0.239
10.710	18.751	0.239
10.720	18.662	0.239
10.730	18.586	0.239
10.740	18.510	0.239
10.750	18.459	0.239
10.760	18.417	0.239
10.770	18.376	0.239
10.780	18.359	0.239
10.790	18.343	0.239
10.800	18.353	0.239
10.810	18.367	0.239
10.820	18.403	0.239
10.830	18.447	0.239
10.840	18.495	0.239
10.850	18.565	0.239
10.860	18.635	0.239
10.870	18.722	0.239
10.880	18.818	0.239
10.890	18.897	0.239
10.900	18.992	0.239
10.910	19.101	0.239
10.920	19.227	0.239
10.930	19.357	0.239
10.940	19.491	0.239
10.950	19.630	0.239
10.960	19.756	0.239
10.970	19.903	0.239
10.980	20.042	0.239
10.990	20.181	0.239
11.000	20.315	0.239
11.010	20.441	0.239
11.020	20.584	0.239
11.030	20.697	0.239
11.040	20.818	0.239
11.050	20.927	0.239
11.060	21.031	0.239
11.070	21.114	0.239
11.080	21.210	0.239
11.090	21.297	0.239
11.100	21.354	0.239
11.110	21.416	0.239
11.120	21.455	0.239
11.130	21.495	0.239
11.140	21.518	0.239
11.150	21.519	0.239
11.160	21.520	0.239
11.170	21.500	0.239
11.180	21.479	0.239
11.190	21.433	0.239
11.200	21.392	0.239
11.210	21.337	0.239
11.220	21.256	0.239
11.230	21.176	0.239
11.240	21.078	0.239
11.250	20.989	0.239
11.260	20.874	0.239
11.270	20.763	0.239
11.280	20.652	0.239
11.290	20.508	0.239
11.300	20.388	0.239
11.310	20.248	0.239
11.320	20.115	0.239
11.330	19.988	0.239
11.340	19.830	0.239
11.350	19.706	0.239
11.360	19.565	0.239
11.370	19.438	0.239
11.380	19.297	0.239
11.390	19.165	0.239
11.400	19.058	0.239
11.410	18.935	0.239
11.420	18.833	0.239
11.430	18.731	0.239
11.440	18.650	0.239
11.450	18.561	0.239
11.460	18.493	0.239
11.470	18.439	0.239
11.480	18.389	0.239
11.490	18.376	0.239
11.500	18.348	0.239
11.510	18.345	0.239
11.520	18.337	0.239
11.530	18.351	0.239
11.540	18.383	0.239
11.550	18.413	0.239
11.560	18.462	0.239
11.570	18.515	0.239
11.580	18.593	0.239
11.590	18.680	0.239
11.600	18.742	0.239
11.610	18.842	0.239
11.620	18.938	0.239
11.630	19.059	0.239
11.640	19.163	0.239
11.650	19.315	0.239
11.660	19.458	0.239
11.670	19.580	0.239
11.680	19.719	0.239
11.690	19.823	0.239
11.700	19.974	0.239
11.710	20.105	0.239
11.720	20.247	0.239
11.730	20.386	0.239
11.740	20.508	0.239
11.750	20.646	0.239
11.760	20.755	0.239
11.770	20.877	0.239
11.780	20.977	0.239
11.790	21.077	0.239
11.800	21.168	0.239
11.810	21.242	0.239
11.820	21.321	0.239
11.830	21.369	0.239
11.840	21.426	0.239
11.850	21.466	0.239
11.860	21.485	0.239
11.870	21.503	0.239
11.880	21.500	0.239
11.890	21.497	0.239
11.900	21.463	0.239
11.910	21.439	0.239
11.920	21.401	0.239
11.930	21.342	0.239
11.940	21.279	0.239
11.950	21.190	0.239
11.960	21.105	0.239
11.970	21.007	0.239
11.980	20.914	0.239
11.990	20.803	0.239
12.000	20.680	0.239
12.010	20.560	0.239
12.020	20.419	0.239
12.030	20.305	0.239
12.040	20.173	0.239
12.050	20.032	0.239
12.060	19.895	0.239
12.070	19.750	0.239
12.080	19.627	0.239
12.090	19.486	0.239
12.100	19.367	0.239
12.110	19.235	0.239
12.120	19.107	0.239
12.130	19.005	0.239
12.140	18.898	0.239
12.150	18.814	0.239
12.160	18.720	0.239
12.170	18.644	0.239
12.180	18.581	0.239
12.190	18.508	0.239
12.200	18.467	0.239
12.210	18.421	0.239
12.220	18.400	0.239
12.230	18.376	0.239
12.240	18.377	0.239
12.250	18.391	0.239
12.260	18.405	0.239
12.270	18.441	0.239
12.280	18.476	0.239
12.290	18.537	0.239
12.300	18.590	0.239
12.310	18.656	0.239
12.320	18.747	0.239
12.330	18.834	0.239
12.340	18.938	0.239
12.350	19.043	0.239
12.360	19.165	0.239
12.370	19.295	0.239
12.380	19.416	0.239
12.390	19.551	0.239
12.400	19.668	0.239
12.410	19.807	0.239
12.420	19.941	0.239
12.430	20.080	0.239
12.440	20.223	0.239
12.450	20.344	0.239
12.460	20.470	0.239
12.470	20.596	0.239
12.480	20.717	0.239
12.490	20.822	0.239
12.500	20.935	0.239
12.510	21.035	0.239
12.520	21.113	0.239
12.530	21.196	0.239
12.540	21.266	0.239
12.550	21.332	0.239
12.560	21.389	0.239
12.570	21.420	0.239
12.580	21.451	0.239
12.590	21.461	0.239
12.600	21.471	0.239
12.610	21.455	0.239
12.620	21.443	0.239
12.630	21.418	0.239
12.640	21.368	0.239
12.650	21.322	0.239
12.660	21.250	0.239
12.670	21.178	0.239
12.680	21.085	0.239
12.690	20.999	0.239
12.700	20.906	0.239
12.710	20.787	0.239
12.720	20.685	0.239
12.730	20.557	0.239
12.740	20.434	0.239
12.750	20.319	0.239
12.760	20.178	0.239
12.770	20.050	0.239
12.780	19.905	0.239
12.790	19.769	0.239
12.800	19.632	0.239
12.810	19.509	0.239
12.820	19.385	0.239
12.830	19.249	0.239
12.840	19.134	0.239
12.850	19.032	0.239
12.860	18.934	0.239
12.870	18.828	0.239
12.880	18.743	0.239
12.890	18.662	0.239
12.900	18.577	0.239
12.910	18.518	0.239
12.920	18.455	0.239
12.930	18.422	0.239
12.940	18.380	0.239
12.950	18.373	0.239
12.960	18.373	0.239
12.970	18.375	0.239
12.980	18.398	0.239
12.990	18.420	0.239
13.000	18.464	0.239
13.010	18.526	0.239
13.020	18.582	0.239
13.030	18.661	0.239
13.040	18.736	0.239
13.050	18.831	0.239
13.060	18.923	0.239
13.070	19.040	0.239
13.080	19.157	0.239
13.090	19.274	0.239
13.100	19.409	0.239
13.110	19.530	0.239
13.120	19.665	0.239
13.130	19.769	0.239
13.140	19.916	0.239
13.150	20.059	0.239
13.160	20.185	0.239
13.170	20.324	0.239
13.180	20.437	0.239
13.190	20.576	0.239
13.200	20.701	0.239
13.210	20.806	0.239
13.220	20.927	0.239
13.230	21.015	0.239
13.240	21.110	0.239
13.250	21.193	0.239
13.260	21.276	0.239
13.270	21.346	0.239
13.280	21.394	0.239
13.290	21.443	0.239
13.300	21.466	0.239
13.310	21.492	0.239
13.320	21.489	0.239
13.330	21.491	0.239
13.340	21.478	0.239
13.350	21.445	0.239
13.360	21.412	0.239
13.370	21.357	0.239
13.380	21.303	0.239
13.390	21.227	0.239
13.400	21.146	0.239
13.410	21.065	0.239
13.420	20.963	0.239
13.430	20.861	0.239
13.440	20.742	0.239
13.450	20.636	0.239
13.460	20.508	0.239
13.470	20.376	0.239
13.480	20.252	0.239
13.490	20.107	0.239
13.500	19.983	0.239
13.510	19.830	0.239
13.520	19.706	0.239
13.530	19.579	0.239
13.540	19.442	0.239
13.550	19.323	0.239
13.560	19.187	0.239
13.570	19.080	0.239
13.580	18.965	0.239
13.590	18.868	0.239
13.600	18.783	0.239
13.610	18.689	0.239
13.620	18.617	0.239
13.630	18.541	0.239
13.640	18.486	0.239
13.650	18.432	0.239
13.660	18.403	0.239
13.670	18.382	0.239
13.680	18.366	0.239
13.690	18.376	0.239
13.700	18.381	0.239
13.710	18.413	0.239
13.720	18.453	0.239
13.730	18.492	0.239
13.740	18.558	0.239
13.750	18.624	0.239
13.760	18.706	0.239
13.770	18.785	0.239
13.780	18.881	0.239
13.790	18.985	0.239
13.800	19.094	0.239
13.810	19.211	0.239
13.820	19.332	0.239
13.830	19.467	0.239
13.840	19.584	0.239
13.850	19.723	0.239
13.860	19.857	0.239
13.870	19.992	0.239
13.880	20.130	0.239
13.890	20.256	0.239
13.900	20.382	0.239
13.910	20.517	0.239
13.920	20.634	0.239
13.930	20.751	0.239
13.940	20.855	0.239
13.950	20.964	0.239
13.960	21.051	0.239
13.970	21.138	0.239
13.980	21.226	0.239
13.990	21.291	0.239
14.000	21.357	0.239
14.010	21.392	0.239
14.020	21.432	0.239
14.030	21.446	0.239
14.040	21.465	0.239
14.050	21.470	0.239
14.060	21.450	0.239
14.070	21.434	0.239
14.080	21.392	0.239
14.090	21.354	0.239
14.100	21.291	0.239
14.110	21.227	0.239
14.120	21.151	0.239
14.130	21.062	0.239
14.140	20.973	0.239
14.150	20.867	0.239
14.160	20.760	0.239
14.170	20.654	0.239
14.180	20.526	0.239
14.190	20.403	0.239
14.200	20.275	0.239
14.210	20.142	0.239
14.220	20.006	0.239
14.230	19.891	0.239
14.240	19.768	0.239
14.250	19.627	0.239
14.260	19.504	0.239
14.270	19.371	0.239
14.280	19.252	0.239
14.290	19.129	0.239
14.300	19.027	0.239
14.310	18.929	0.239
14.320	18.831	0.239
14.330	18.751	0.239
14.340	18.670	0.239
14.350	18.607	0.239
14.360	18.539	0.239
14.370	18.497	0.239
14.380	18.464	0.239
14.390	18.431	0.239
14.400	18.423	0.239
14.410	18.411	0.239
14.420	18.425	0.239
14.430	18.457	0.239
14.440	18.484	0.239
14.450	18.536	0.239
14.460	18.585	0.239
14.470	18.659	0.239
14.480	18.725	0.239
14.490	18.795	0.239
14.500	18.895	0.239
14.510	18.982	0.239
14.520	19.099	0.239
14.530	19.203	0.239
14.540	19.334	0.239
14.550	19.451	0.239
14.560	19.585	0.239
14.570	19.715	0.239
14.580	19.841	0.239
14.590	19.989	0.239
14.600	20.110	0.239
14.610	20.249	0.239
14.620	20.379	0.239
14.630	20.496	0.239
14.640	20.635	0.239
14.650	20.735	0.239
14.660	20.852	0.239
14.670	20.952	0.239
14.680	21.048	0.239
14.690	21.140	0.239
14.700	21.209	0.239
14.710	21.284	0.239
14.720	21.337	0.239
14.730	21.389	0.239
14.740	21.416	0.239
14.750	21.448	0.239
14.760	21.466	0.239
14.770	21.458	0.239
14.780	21.455	0.239
14.790	21.426	0.239
14.800	21.397	0.239
14.810	21.347	0.239
14.820	21.300	0.239
14.830	21.237	0.239
14.840	21.153	0.239
14.850	21.076	0.239
14.860	20.978	0.239
14.870	20.885	0.239
14.880	20.779	0.239
14.890	20.664	0.239
14.900	20.545	0.239
14.910	20.408	0.239
14.920	20.297	0.239
14.930	20.152	0.239
14.940	20.029	0.239
14.950	19.897	0.239
14.960	19.756	0.239
14.970	19.633	0.239
14.980	19.501	0.239
14.990	19.381	0.239
15.000	19.245	0.239
15.010	19.126	0.239
15.020	19.024	0.239
15.030	18.913	0.239
15.040	18.819	0.239
15.050	18.726	0.239
15.060	18.654	0.239
15.070	18.573	0.239
15.080	18.532	0.239
15.090	18.490	0.239
15.100	18.444	0.239
15.110	18.428	0.239
15.120	18.403	0.239
15.130	18.404	0.239
15.140	18.422	0.239
15.150	18.432	0.239
15.160	18.463	0.239
15.170	18.499	0.239
15.180	18.560	0.239
15.190	18.613	0.239
15.200	18.696	0.239
15.210	18.783	0.239
15.220	18.866	0.239
15.230	18.966	0.239
15.240	19.070	0.239
15.250	19.183	0.239
15.260	19.296	0.239
15.270	19.430	0.239
15.280	19.556	0.239
15.290	19.669	0.239
15.300	19.795	0.239
15.310	19.917	0.239
15.320	20.060	0.239
15.330	20.181	0.239
15.340	20.316	0.239
15.350	20.446	0.239
15.360	20.567	0.239
15.370	20.689	0.239
15.380	20.793	0.239
15.390	20.910	0.239
15.400	21.015	0.239
15.410	21.093	0.239
15.420	21.181	0.239
15.430	21.251	0.239
15.440	21.316	0.239
15.450	21.360	0.239
15.460	21.405	0.239
15.470	21.440	0.239
15.480	21.450	0.239
15.490	21.460	0.239
15.500	21.443	0.239
15.510	21.436	0.239
15.520	21.403	0.239
15.530	21.374	0.239
15.540	21.328	0.239
15.550	21.260	0.239
15.560	21.193	0.239
15.570	21.103	0.239
15.580	21.027	0.239
15.590	20.938	0.239
15.600	20.823	0.239
15.610	20.717	0.239
15.620	20.593	0.239
15.630	20.469	0.239
15.640	20.342	0.239
15.650	20.222	0.239
15.660	20.095	0.239
15.670	19.962	0.239
15.680	19.826	0.239
15.690	19.690	0.239
15.700	19.570	0.239
15.710	19.438	0.239
15.720	19.323	0.239
15.730	19.200	0.239
15.740	19.085	0.239
15.750	18.983	0.239
15.760	18.877	0.239
15.770	18.817	0.239
15.780	18.728	0.239
15.790	18.661	0.239
15.800	18.601	0.239
15.810	18.538	0.239
15.820	18.501	0.239
15.830	18.463	0.239
15.840	18.451	0.239
15.850	18.448	0.239
15.860	18.441	0.239
15.870	18.442	0.239
15.880	18.460	0.239
15.890	18.500	0.239
15.900	18.540	0.239
15.910	18.606	0.239
15.920	18.680	0.239
15.930	18.750	0.239
15.940	18.841	0.239
15.950	18.924	0.239
15.960	19.033	0.239
15.970	19.133	0.239
15.980	19.255	0.239
15.990	19.384	0.239
16.000	19.502	0.239
16.010	19.627	0.239
16.020	19.749	0.239
16.030	19.884	0.239
16.040	20.009	0.239
16.050	20.144	0.239
16.060	20.278	0.239
16.070	20.391	0.239
16.080	20.517	0.239
16.090	20.630	0.239
16.100	20.743	0.239
16.110	20.856	0.239
16.120	20.947	0.239
16.130	21.043	0.239
16.140	21.113	0.239
16.150	21.187	0.239
16.160	21.248	0.239
16.170	21.310	0.239
16.180	21.363	0.239
16.190	21.385	0.239
16.200	21.408	0.239
16.210	21.409	0.239
16.220	21.410	0.239
16.230	21.390	0.239
16.240	21.374	0.239
16.250	21.345	0.239
16.260	21.294	0.239
16.270	21.240	0.239
16.280	21.159	0.239
16.290	21.091	0.239
16.300	21.015	0.239
16.310	20.922	0.239
16.320	20.824	0.239
16.330	20.709	0.239
16.340	20.607	0.239
16.350	20.475	0.239
16.360	20.360	0.239
16.370	20.245	0.239
16.380	20.104	0.239
16.390	19.981	0.239
16.400	19.836	0.239
16.410	19.712	0.239
16.420	19.593	0.239
16.430	19.482	0.239
16.440	19.368	0.239
16.450	19.239	0.239
16.460	19.129	0.239
16.470	19.018	0.239
16.480	18.925	0.239
16.490	18.827	0.239
16.500	18.747	0.239
16.510	18.679	0.239
16.520	18.603	0.239
16.530	18.552	0.239
16.540	18.498	0.239
16.550	18.469	0.239
16.560	18.448	0.239
16.570	18.432	0.239
16.580	18.438	0.239
16.590	18.447	0.239
16.600	18.479	0.239
16.610	18.505	0.239
16.620	18.563	0.239
16.630	18.628	0.239
16.640	18.685	0.239
16.650	18.768	0.239
16.660	18.843	0.239
16.670	18.938	0.239
16.680	19.030	0.239
16.690	19.143	0.239
16.700	19.260	0.239
16.710	19.377	0.239
16.720	19.503	0.239
16.730	19.624	0.239
16.740	19.733	0.239
16.750	19.855	0.239
16.760	20.002	0.239
16.770	20.132	0.239
16.780	20.258	0.239
16.790	20.388	0.239
16.800	20.501	0.239
16.810	20.631	0.239
16.820	20.744	0.239
16.830	20.844	0.239
16.840	20.957	0.239
16.850	21.036	0.239
16.860	21.123	0.239
16.870	21.193	0.239
16.880	21.271	0.239
16.890	21.333	0.239
16.900	21.372	0.239
16.910	21.408	0.239
16.920	21.426	0.239
16.930	21.445	0.239
16.940	21.437	0.239
16.950	21.434	0.239
16.960	21.418	0.239
16.970	21.376	0.239
16.980	21.339	0.239
16.990	21.280	0.239
17.000	21.216	0.239
17.010	21.131	0.239
17.020	21.060	0.239
17.030	20.975	0.239
17.040	20.868	0.239
17.050	20.766	0.239
17.060	20.651	0.239
17.070	20.532	0.239
17.080	20.417	0.239
17.090	20.290	0.239
17.100	20.161	0.239
17.110	20.029	0.239
17.120	19.893	0.239
17.130	19.756	0.239
17.140	19.637	0.239
17.150	19.514	0.239
17.160	19.386	0.239
17.170	19.267	0.239
17.180	19.139	0.239
17.190	19.041	0.239
17.200	18.926	0.239
17.210	18.841	0.239
17.220	18.765	0.239
17.230	18.680	0.239
17.240	18.617	0.239
17.250	18.549	0.239
17.260	18.503	0.239
17.270	18.470	0.239
17.280	18.437	0.239
17.290	18.425	0.239
17.300	18.409	0.239
17.310	18.423	0.239
17.320	18.433	0.239
17.330	18.472	0.239
17.340	18.521	0.239
17.350	18.565	0.239
17.360	18.639	0.239
17.370	18.705	0.239
17.380	18.792	0.239
17.390	18.871	0.239
17.400	18.966	0.239
17.410	19.084	0.239
17.420	19.184	0.239
17.430	19.310	0.239
17.440	19.427	0.239
17.450	19.553	0.239
17.460	19.670	0.239
17.470	19.800	0.239
17.480	19.943	0.239
17.490	20.065	0.239
17.500	20.199	0.239
17.510	20.316	0.239
17.520	20.446	0.239
17.530	20.572	0.239
17.540	20.681	0.239
17.550	20.794	0.239
17.560	20.894	0.239
17.570	20.994	0.239
17.580	21.073	0.239
17.590	21.155	0.239
17.600	21.230	0.239
17.610	21.282	0.239
17.620	21.339	0.239
17.630	21.366	0.239
17.640	21.402	0.239
17.650	21.407	0.239
17.660	21.421	0.239
17.670	21.418	0.239
17.680	21.393	0.239
17.690	21.373	0.239
17.700	21.327	0.239
17.710	21.281	0.239
17.720	21.209	0.239
17.730	21.141	0.239
17.740	21.070	0.239
17.750	20.976	0.239
17.760	20.887	0.239
17.770	20.772	0.239
17.780	20.674	0.239
17.790	20.563	0.239
17.800	20.431	0.239
17.810	20.316	0.239
17.820	20.184	0.239
17.830	20.061	0.239
17.840	19.924	0.239
17.850	19.818	0.239
17.860	19.699	0.239
17.870	19.571	0.239
17.880	19.456	0.239
17.890	19.328	0.239
17.900	19.209	0.239
17.910	19.098	0.239
17.920	19.000	0.239
17.930	18.911	0.239
17.940	18.818	0.239
17.950	18.746	0.239
17.960	18.670	0.239
17.970	18.615	0.239
17.980	18.573	0.239
17.990	18.527	0.239
18.000	18.502	0.239
18.010	18.478	0.239
18.020	18.479	0.239
18.030	18.476	0.239
18.040	18.499	0.239
18.050	18.530	0.239
18.060	18.561	0.239
18.070	18.618	0.239
18.080	18.671	0.239
18.090	18.745	0.239
18.100	18.815	0.239
18.110	18.906	0.239
18.120	19.002	0.239
18.130	19.085	0.239
18.140	19.185	0.239
18.150	19.302	0.239
18.160	19.428	0.239
18.170	19.541	0.239
18.180	19.667	0.239
18.190	19.797	0.239
18.200	19.923	0.239
18.210	20.062	0.239
18.220	20.179	0.239
18.230	20.313	0.239
18.240	20.435	0.239
18.250	20.548	0.239
18.260	20.669	0.239
18.270	20.765	0.239
18.280	20.878	0.239
18.290	20.965	0.239
18.300	21.057	0.239
18.310	21.135	0.239
18.320	21.196	0.239
18.330	21.267	0.239
18.340	21.310	0.239
18.350	21.355	0.239
18.360	21.377	0.239
18.370	21.396	0.239
18.380	21.410	0.239
18.390	21.394	0.239
18.400	21.386	0.239
18.410	21.353	0.239
18.420	21.320	0.239
18.430	21.260	0.239
18.440	21.206	0.239
18.450	21.138	0.239
18.460	21.058	0.239
18.470	20.981	0.239
18.480	20.880	0.239
18.490	20.778	0.239
18.500	20.684	0.239
18.510	20.565	0.239
18.520	20.446	0.239
18.530	20.322	0.239
18.540	20.203	0.239
18.550	20.066	0.239
18.560	19.947	0.239
18.570	19.815	0.239
18.580	19.683	0.239
18.590	19.568	0.239
18.600	19.436	0.239
18.610	19.325	0.239
18.620	19.197	0.239
18.630	19.095	0.239
18.640	18.997	0.239
18.650	18.895	0.239
18.660	18.811	0.239
18.670	18.747	0.239
18.680	18.684	0.239
18.690	18.616	0.239
18.700	18.566	0.239
18.710	18.528	0.239
18.720	18.491	0.239
18.730	18.479	0.239
18.740	18.463	0.239
18.750	18.469	0.239
18.760	18.491	0.239
18.770	18.509	0.239
18.780	18.549	0.239
18.790	18.589	0.239
18.800	18.650	0.239
18.810	18.712	0.239
18.820	18.791	0.239
18.830	18.877	0.239
18.840	18.960	0.239
18.850	19.069	0.239
18.860	19.165	0.239
18.870	19.286	0.239
18.880	19.399	0.239
18.890	19.529	0.239
18.900	19.655	0.239
18.910	19.773	0.239
18.920	19.885	0.239
18.930	20.007	0.239
18.940	20.141	0.239
18.950	20.276	0.239
18.960	20.389	0.239
18.970	20.514	0.239
18.980	20.632	0.239
18.990	20.741	0.239
19.000	20.840	0.239
19.010	20.945	0.239
19.020	21.036	0.239
19.030	21.106	0.239
19.040	21.189	0.239
19.050	21.251	0.239
19.060	21.307	0.239
19.070	21.343	0.239
19.080	21.379	0.239
19.090	21.405	0.239
19.100	21.411	0.239
19.110	21.417	0.239
19.120	21.396	0.239
19.130	21.380	0.239
19.140	21.338	0.239
19.150	21.296	0.239
19.160	21.246	0.239
19.170	21.174	0.239
19.180	21.107	0.239
19.190	21.021	0.239
19.200	20.941	0.239
19.210	20.843	0.239
19.220	20.728	0.239
19.230	20.631	0.239
19.240	20.499	0.239
19.250	20.388	0.239
19.260	20.260	0.239
19.270	20.136	0.239
19.280	20.017	0.239
19.290	19.872	0.239
19.300	19.753	0.239
19.310	19.625	0.239
19.320	19.510	0.239
19.330	19.382	0.239
19.340	19.267	0.239
19.350	19.157	0.239
19.360	19.050	0.239
19.370	18.953	0.239
19.380	18.864	0.239
19.390	18.804	0.239
19.400	18.720	0.239
19.410	18.661	0.239
19.420	18.610	0.239
19.430	18.555	0.239
19.440	18.527	0.239
19.450	18.493	0.239
19.460	18.486	0.239
19.470	18.491	0.239
19.480	18.493	0.239
19.490	18.519	0.239
19.500	18.516	0.239
19.510	18.569	0.239
19.520	18.617	0.239
19.530	18.687	0.239
19.540	18.762	0.239
19.550	18.831	0.239
19.560	18.919	0.239
19.570	19.010	0.239
19.580	19.119	0.239
19.590	19.215	0.239
19.600	19.341	0.239
19.610	19.470	0.239
19.620	19.579	0.239
19.630	19.701	0.239
19.640	19.822	0.239
19.650	19.952	0.239
19.660	20.074	0.239
19.670	20.204	0.239
19.680	20.330	0.239
19.690	20.438	0.239
19.700	20.560	0.239
19.710	20.669	0.239
19.720	20.773	0.239
19.730	20.882	0.239
19.740	20.965	0.239
19.750	21.056	0.239
19.760	21.117	0.239
19.770	21.187	0.239
19.780	21.240	0.239
19.790	21.293	0.239
19.800	21.337	0.239
19.810	21.351	0.239
19.820	21.369	0.239
19.830	21.366	0.239
19.840	21.363	0.239
19.850	21.338	0.239
19.860	21.318	0.239
19.870	21.281	0.239
19.880	21.221	0.239
19.890	21.162	0.239
19.900	21.086	0.239
19.910	21.018	0.239
19.920	20.929	0.239
19.930	20.836	0.239
19.940	20.738	0.239
19.950	20.628	0.239
19.960	20.513	0.239
19.970	20.389	0.239
19.980	20.278	0.239
19.990	20.159	0.239
20.000	20.027	0.239
20.010	19.903	0.239
20.020	19.767	0.239
20.030	19.669	0.239
20.040	19.542	0.239
20.050	19.427	0.239
20.060	19.316	0.239
20.070	19.193	0.239
20.080	19.095	0.239
20.090	18.988	0.239
20.100	18.904	0.239
20.110	18.815	0.239
20.120	18.747	0.239
20.130	18.688	0.239
20.140	18.620	0.239
20.150	18.578	0.239
20.160	18.532	0.239
20.170	18.512	0.239
20.180	18.504	0.239
20.190	18.493	0.239
20.200	18.507	0.239
20.210	18.517	0.239
20.220	18.556	0.239
20.230	18.588	0.239
20.240	18.645	0.239
20.250	18.710	0.239
20.260	18.772	0.239
20.270	18.859	0.239
20.280	18.933	0.239
20.290	19.033	0.239
20.300	19.124	0.239
20.310	19.237	0.239
20.320	19.359	0.239
20.330	19.446	0.239
20.340	19.572	0.239
20.350	19.685	0.239
20.360	19.815	0.239
20.370	19.945	0.239
20.380	20.075	0.239
20.390	20.205	0.239
20.400	20.327	0.239
20.410	20.444	0.239
20.420	20.557	0.239
20.430	20.679	0.239
20.440	20.783	0.239
20.450	20.883	0.239
20.460	20.983	0.239
20.470	21.058	0.239
20.480	21.136	0.239
20.490	21.197	0.239
20.500	21.263	0.239
20.510	21.316	0.239
20.520	21.347	0.239
20.530	21.378	0.239
20.540	21.388	0.239
20.550	21.398	0.239
20.560	21.386	0.239
20.570	21.374	0.239
20.580	21.354	0.239
20.590	21.308	0.239
20.600	21.261	0.239
20.610	21.194	0.239
20.620	21.126	0.239
20.630	21.045	0.239
20.640	20.969	0.239
20.650	20.880	0.239
20.660	20.766	0.239
20.670	20.672	0.239
20.680	20.548	0.239
20.690	20.434	0.239
20.700	20.323	0.239
20.710	20.191	0.239
20.720	20.072	0.239
20.730	19.935	0.239
20.740	19.807	0.239
20.750	19.679	0.239
20.760	19.560	0.239
20.770	19.445	0.239
20.780	19.322	0.239
20.790	19.207	0.239
20.800	19.092	0.239
20.810	18.998	0.239
20.820	18.896	0.239
20.830	18.816	0.239
20.840	18.744	0.239
20.850	18.668	0.239
20.860	18.613	0.239
20.870	18.554	0.239
20.880	18.521	0.239
20.890	18.479	0.239
20.900	18.467	0.239
20.910	18.468	0.239
20.920	18.461	0.239
20.930	18.484	0.239
20.940	18.502	0.239
20.950	18.542	0.239
20.960	18.594	0.239
20.970	18.651	0.239
20.980	18.726	0.239
20.990	18.791	0.239
21.000	18.878	0.239
21.010	18.961	0.239
21.020	19.070	0.239
21.030	19.178	0.239
21.040	19.287	0.239
21.050	19.413	0.239
21.060	19.526	0.239
21.070	19.648	0.239
21.080	19.765	0.239
21.090	19.895	0.239
21.100	20.034	0.239
21.110	20.151	0.239
21.120	20.281	0.239
21.130	20.390	0.239
21.140	20.515	0.239
21.150	20.628	0.239
21.160	20.737	0.239
21.170	20.846	0.239
21.180	20.937	0.239
21.190	21.024	0.239
21.200	21.094	0.239
21.210	21.168	0.239
21.220	21.239	0.239
21.230	21.282	0.239
21.240	21.327	0.239
21.250	21.349	0.239
21.260	21.372	0.239
21.270	21.377	0.239
21.280	21.379	0.239
21.290	21.371	0.239
21.300	21.342	0.239
21.310	21.313	0.239
21.320	21.259	0.239
21.330	21.208	0.239
21.340	21.132	0.239
21.350	21.069	0.239
21.360	20.992	0.239
21.370	20.899	0.239
21.380	20.801	0.239
21.390	20.691	0.239
21.400	20.588	0.239
21.410	20.469	0.239
21.420	20.350	0.239
21.430	20.235	0.239
21.440	20.103	0.239
21.450	19.988	0.239
21.460	19.848	0.239
21.470	19.728	0.239
21.480	19.613	0.239
21.490	19.490	0.239
21.500	19.379	0.239
21.510	19.277	0.239
21.520	19.171	0.239
21.530	19.064	0.239
21.540	18.971	0.239
21.550	18.895	0.239
21.560	18.806	0.239
21.570	18.742	0.239
21.580	18.674	0.239
21.590	18.628	0.239
21.600	18.578	0.239
21.610	18.549	0.239
21.620	18.537	0.239
21.630	18.521	0.239
21.640	18.527	0.239
21.650	18.532	0.239
21.660	18.559	0.239
21.670	18.599	0.239
21.680	18.634	0.239
21.690	18.696	0.239
21.700	18.753	0.239
21.710	18.827	0.239
21.720	18.897	0.239
21.730	18.988	0.239
21.740	19.071	0.239
21.750	19.163	0.239
21.760	19.280	0.239
21.770	19.389	0.239
21.780	19.515	0.239
21.790	19.623	0.239
21.800	19.749	0.239
21.810	19.879	0.239
21.820	20.001	0.239
21.830	20.127	0.239
21.840	20.244	0.239
21.850	20.365	0.239
21.860	20.470	0.239
21.870	20.595	0.239
21.880	20.704	0.239
21.890	20.796	0.239
21.900	20.900	0.239
21.910	20.978	0.239
21.920	21.057	0.239
21.930	21.131	0.239
21.940	21.184	0.239
21.950	21.245	0.239
21.960	21.276	0.239
21.970	21.316	0.239
21.980	21.331	0.239
21.990	21.344	0.239
22.000	21.350	0.239
22.010	21.330	0.239
22.020	21.318	0.239
22.030	21.276	0.239
22.040	21.234	0.239
22.050	21.167	0.239
22.060	21.112	0.239
22.070	21.049	0.239
22.080	20.968	0.239
22.090	20.883	0.239
22.100	20.777	0.239
22.110	20.683	0.239
22.120	20.573	0.239
22.130	20.458	0.239
22.140	20.351	0.239
22.150	20.228	0.239
22.160	20.109	0.239
22.170	19.981	0.239
22.180	19.857	0.239
22.190	19.738	0.239
22.200	19.614	0.239
22.210	19.500	0.239
22.220	19.381	0.239
22.230	19.270	0.239
22.240	19.150	0.239
22.250	19.057	0.239
22.260	18.968	0.239
22.270	18.892	0.239
22.280	18.820	0.239
22.290	18.744	0.239
22.300	18.684	0.239
22.310	18.621	0.239
22.320	18.584	0.239
22.330	18.554	0.239
22.340	18.521	0.239
22.350	18.514	0.239
22.360	18.507	0.239
22.370	18.521	0.239
22.380	18.535	0.239
22.390	18.570	0.239
22.400	18.619	0.239
22.410	18.667	0.239
22.420	18.733	0.239
22.430	18.794	0.239
22.440	18.877	0.239
22.450	18.964	0.239
22.460	19.051	0.239
22.470	19.160	0.239
22.480	19.260	0.239
22.490	19.381	0.239
22.500	19.490	0.239
22.510	19.611	0.239
22.520	19.716	0.239
22.530	19.829	0.239
22.540	19.967	0.239
22.550	20.081	0.239
22.560	20.211	0.239
22.570	20.324	0.239
22.580	20.441	0.239
22.590	20.563	0.239
22.600	20.667	0.239
22.610	20.771	0.239
22.620	20.867	0.239
22.630	20.963	0.239
22.640	21.033	0.239
22.650	21.111	0.239
22.660	21.181	0.239
22.670	21.234	0.239
22.680	21.282	0.239
22.690	21.313	0.239
22.700	21.345	0.239
22.710	21.363	0.239
22.720	21.356	0.239
22.730	21.357	0.239
22.740	21.332	0.239
22.750	21.312	0.239
22.760	21.266	0.239
22.770	21.220	0.239
22.780	21.161	0.239
22.790	21.088	0.239
22.800	21.021	0.239
22.810	20.932	0.239
22.820	20.843	0.239
22.830	20.732	0.239
22.840	20.639	0.239
22.850	20.528	0.239
22.860	20.404	0.239
22.870	20.298	0.239
22.880	20.166	0.239
22.890	20.051	0.239
22.900	19.927	0.239
22.910	19.791	0.239
22.920	19.676	0.239
22.930	19.548	0.239
22.940	19.438	0.239
22.950	19.332	0.239
22.960	19.229	0.239
22.970	19.132	0.239
22.980	19.025	0.239
22.990	18.936	0.239
23.000	18.851	0.239
23.010	18.784	0.239
23.020	18.712	0.239
23.030	18.657	0.239
23.040	18.615	0.239
23.050	18.569	0.239
23.060	18.544	0.239
23.070	18.520	0.239
23.080	18.521	0.239
23.090	18.518	0.239
23.100	18.536	0.239
23.110	18.567	0.239
23.120	18.577	0.239
23.130	18.634	0.239
23.140	18.687	0.239
23.150	18.757	0.239
23.160	18.831	0.239
23.170	18.905	0.239
23.180	19.001	0.239
23.190	19.092	0.239
23.200	19.197	0.239
23.210	19.301	0.239
23.220	19.427	0.239
23.230	19.549	0.239
23.240	19.653	0.239
23.250	19.779	0.239
23.260	19.896	0.239
23.270	20.026	0.239
23.280	20.143	0.239
23.290	20.269	0.239
23.300	20.391	0.239
23.310	20.495	0.239
23.320	20.617	0.239
23.330	20.708	0.239
23.340	20.812	0.239
23.350	20.900	0.239
23.360	20.987	0.239
23.370	21.070	0.239
23.380	21.127	0.239
23.390	21.188	0.239
23.400	21.232	0.239
23.410	21.281	0.239
23.420	21.316	0.239
23.430	21.330	0.239
23.440	21.344	0.239
23.450	21.332	0.239
23.460	21.325	0.239
23.470	21.296	0.239
23.480	21.263	0.239
23.490	21.217	0.239
23.500	21.153	0.239
23.510	21.099	0.239
23.520	21.022	0.239
23.530	20.946	0.239
23.540	20.849	0.239
23.550	20.755	0.239
23.560	20.661	0.239
23.570	20.547	0.239
23.580	20.432	0.239
23.590	20.312	0.239
23.600	20.198	0.239
23.610	20.070	0.239
23.620	19.955	0.239
23.630	19.853	0.239
23.640	19.725	0.239
23.650	19.614	0.239
23.660	19.491	0.239
23.670	19.380	0.239
23.680	19.274	0.239
23.690	19.159	0.239
23.700	19.070	0.239
23.710	18.968	0.239
23.720	18.892	0.239
23.730	18.806	0.239
23.740	18.748	0.239
23.750	18.697	0.239
23.760	18.638	0.239
23.770	18.605	0.239
23.780	18.567	0.239
23.790	18.556	0.239
23.800	18.539	0.239
23.810	18.545	0.239
23.820	18.568	0.239
23.830	18.582	0.239
23.840	18.622	0.239
23.850	18.662	0.239
23.860	18.723	0.239
23.870	18.780	0.239
23.880	18.859	0.239
23.890	18.941	0.239
23.900	19.024	0.239
23.910	19.124	0.239
23.920	19.220	0.239
23.930	19.333	0.239
23.940	19.429	0.239
23.950	19.541	0.239
23.960	19.659	0.239
23.970	19.772	0.239
23.980	19.902	0.239
23.990	20.023	0.239
24.000	20.145	0.239
24.010	20.275	0.239
24.020	20.384	0.239
24.030	20.501	0.239
24.040	20.614	0.239
24.050	20.718	0.239
24.060	20.809	0.239
24.070	20.914	0.239
24.080	21.001	0.239
24.090	21.067	0.239
24.100	21.141	0.239
24.110	21.194	0.239
24.120	21.251	0.239
24.130	21.282	0.239
24.140	21.318	0.239
24.150	21.345	0.239
24.160	21.346	0.239
24.170	21.347	0.239
24.180	21.327	0.239
24.190	21.310	0.239
24.200	21.282	0.239
24.210	21.223	0.239
24.220	21.172	0.239
24.230	21.104	0.239
24.240	21.041	0.239
24.250	20.956	0.239
24.260	20.871	0.239
24.270	20.774	0.239
24.280	20.672	0.239
24.290	20.565	0.239
24.300	20.442	0.239
24.310	20.336	0.239
24.320	20.212	0.239
24.330	20.093	0.239
24.340	19.978	0.239
24.350	19.837	0.239
24.360	19.726	0.239
24.370	19.603	0.239
24.380	19.488	0.239
24.390	19.369	0.239
24.400	19.258	0.239
24.410	19.156	0.239
24.420	19.050	0.239
24.430	18.956	0.239
24.440	18.863	0.239
24.450	18.795	0.239
24.460	18.732	0.239
24.470	18.660	0.239
24.480	18.614	0.239
24.490	18.564	0.239
24.500	18.539	0.239
24.510	18.505	0.239
24.520	18.502	0.239
24.530	18.512	0.239
24.540	18.513	0.239
24.550	18.540	0.239
24.560	18.563	0.239
24.570	18.616	0.239
24.580	18.664	0.239
24.590	18.730	0.239
24.600	18.808	0.239
24.610	18.883	0.239
24.620	18.961	0.239
24.630	19.052	0.239
24.640	19.157	0.239
24.650	19.270	0.239
24.660	19.378	0.239
24.670	19.500	0.239
24.680	19.608	0.239
24.690	19.730	0.239
24.700	19.848	0.239
24.710	19.977	0.239
24.720	20.103	0.239
24.730	20.216	0.239
24.740	20.342	0.239
24.750	20.446	0.239
24.760	20.568	0.239
24.770	20.668	0.239
24.780	20.768	0.239
24.790	20.873	0.239
24.800	20.951	0.239
24.810	21.034	0.239
24.820	21.100	0.239
24.830	21.169	0.239
24.840	21.214	0.239
24.850	21.267	0.239
24.860	21.302	0.239
24.870	21.316	0.239
24.880	21.339	0.239
24.890	21.331	0.239
24.900	21.328	0.239
24.910	21.312	0.239
24.920	21.274	0.239
24.930	21.237	0.239
24.940	21.178	0.239
24.950	21.123	0.239
24.960	21.051	0.239
24.970	20.984	0.239
24.980	20.903	0.239
24.990	20.801	0.239
25.000	20.712	0.239
25.010	20.601	0.239
25.020	20.490	0.239
25.030	20.367	0.239
25.040	20.265	0.239
25.050	20.146	0.239
25.060	20.022	0.239
25.070	19.903	0.239
25.080	19.771	0.239
25.090	19.656	0.239
25.100	19.537	0.239
25.110	19.426	0.239
25.120	19.341	0.239
25.130	19.226	0.239
25.140	19.137	0.239
25.150	19.035	0.239
25.160	18.950	0.239
25.170	18.878	0.239
25.180	18.802	0.239
25.190	18.743	0.239
25.200	18.680	0.239
25.210	18.642	0.239
25.220	18.596	0.239
25.230	18.576	0.239
25.240	18.568	0.239
25.250	18.557	0.239
25.260	18.570	0.239
25.270	18.585	0.239
25.280	18.616	0.239
25.290	18.651	0.239
25.300	18.704	0.239
25.310	18.770	0.239
25.320	18.827	0.239
25.330	18.901	0.239
25.340	18.975	0.239
25.350	19.075	0.239
25.360	19.163	0.239
25.370	19.250	0.239
25.380	19.362	0.239
25.390	19.471	0.239
25.400	19.593	0.239
25.410	19.697	0.239
25.420	19.823	0.239
25.430	19.953	0.239
25.440	20.066	0.239
25.450	20.188	0.239
25.460	20.296	0.239
25.470	20.409	0.239
25.480	20.514	0.239
25.490	20.627	0.239
25.500	20.731	0.239
25.510	20.818	0.239
25.520	20.910	0.239
25.530	20.979	0.239
25.540	21.058	0.239
25.550	21.111	0.239
25.560	21.168	0.239
25.570	21.216	0.239
25.580	21.248	0.239
25.590	21.274	0.239
25.600	21.284	0.239
25.610	21.294	0.239
25.620	21.282	0.239
25.630	21.270	0.239
25.640	21.246	0.239
25.650	21.199	0.239
25.660	21.158	0.239
25.670	21.090	0.239
25.680	21.036	0.239
25.690	20.976	0.239
25.700	20.887	0.239
25.710	20.794	0.239
25.720	20.696	0.239
25.730	20.607	0.239
25.740	20.483	0.239
25.750	20.382	0.239
25.760	20.279	0.239
25.770	20.152	0.239
25.780	20.045	0.239
25.790	19.913	0.239
25.800	19.794	0.239
25.810	19.670	0.239
25.820	19.564	0.239
25.830	19.453	0.239
25.840	19.338	0.239
25.850	19.228	0.239
25.860	19.143	0.239
25.870	19.058	0.239
25.880	18.960	0.239
25.890	18.889	0.239
25.900	18.821	0.239
25.910	18.749	0.239
25.920	18.699	0.239
25.930	18.644	0.239
25.940	18.615	0.239
25.950	18.590	0.239
25.960	18.565	0.239
25.970	18.567	0.239
25.980	18.564	0.239
25.990	18.586	0.239
26.000	18.604	0.239
26.010	18.644	0.239
26.020	18.702	0.239
26.030	18.750	0.239
26.040	18.820	0.239
26.050	18.881	0.239
26.060	18.964	0.239
26.070	19.047	0.239
26.080	19.151	0.239
26.090	19.255	0.239
26.100	19.360	0.239
26.110	19.473	0.239
26.120	19.577	0.239
26.130	19.673	0.239
26.140	19.786	0.239
26.150	19.916	0.239
26.160	20.046	0.239
26.170	20.155	0.239
26.180	20.281	0.239
26.190	20.385	0.239
26.200	20.502	0.239
26.210	20.619	0.239
26.220	20.715	0.239
26.230	20.811	0.239
26.240	20.898	0.239
26.250	20.985	0.239
26.260	21.051	0.239
26.270	21.116	0.239
26.280	21.182	0.239
26.290	21.226	0.239
26.300	21.270	0.239
26.310	21.293	0.239
26.320	21.316	0.239
26.330	21.317	0.239
26.340	21.318	0.239
26.350	21.311	0.239
26.360	21.282	0.239
26.370	21.248	0.239
26.380	21.194	0.239
26.390	21.143	0.239
26.400	21.076	0.239
26.410	21.012	0.239
26.420	20.940	0.239
26.430	20.843	0.239
26.440	20.754	0.239
26.450	20.647	0.239
26.460	20.545	0.239
26.470	20.434	0.239
26.480	20.320	0.239
26.490	20.209	0.239
26.500	20.081	0.239
26.510	19.970	0.239
26.520	19.830	0.239
26.530	19.719	0.239
26.540	19.613	0.239
26.550	19.489	0.239
26.560	19.383	0.239
26.570	19.264	0.239
26.580	19.157	0.239
26.590	19.060	0.239
26.600	18.975	0.239
26.610	18.894	0.239
26.620	18.809	0.239
26.630	18.751	0.239
26.640	18.683	0.239
26.650	18.637	0.239
26.660	18.591	0.239
26.670	18.566	0.239
26.680	18.545	0.239
26.690	18.530	0.239
26.700	18.535	0.239
26.710	18.540	0.239
26.720	18.567	0.239
26.730	18.607	0.239
26.740	18.647	0.239
26.750	18.704	0.239
26.760	18.757	0.239
26.770	18.827	0.239
26.780	18.892	0.239
26.790	18.979	0.239
26.800	19.084	0.239
26.810	19.171	0.239
26.820	19.279	0.239
26.830	19.388	0.239
26.840	19.510	0.239
26.850	19.610	0.239
26.860	19.731	0.239
26.870	19.857	0.239
26.880	19.974	0.239
26.890	20.100	0.239
26.900	20.213	0.239
26.910	20.330	0.239
26.920	20.448	0.239
26.930	20.552	0.239
26.940	20.661	0.239
26.950	20.752	0.239
26.960	20.852	0.239
26.970	20.926	0.239
26.980	21.009	0.239
26.990	21.084	0.239
27.000	21.136	0.239
27.010	21.189	0.239
27.020	21.225	0.239
27.030	21.264	0.239
27.040	21.279	0.239
27.050	21.297	0.239
27.060	21.302	0.239
27.070	21.286	0.239
27.080	21.270	0.239
27.090	21.233	0.239
27.100	21.195	0.239
27.110	21.136	0.239
27.120	21.082	0.239
27.130	21.022	0.239
27.140	20.942	0.239
27.150	20.861	0.239
27.160	20.759	0.239
27.170	20.670	0.239
27.180	20.572	0.239
27.190	20.449	0.239
27.200	20.351	0.239
27.210	20.228	0.239
27.220	20.117	0.239
27.230	19.993	0.239
27.240	19.870	0.239
27.250	19.759	0.239
27.260	19.640	0.239
27.270	19.551	0.239
27.280	19.436	0.239
27.290	19.330	0.239
27.300	19.215	0.239
27.310	19.126	0.239
27.320	19.041	0.239
27.330	18.943	0.239
27.340	18.875	0.239
27.350	18.799	0.239
27.360	18.745	0.239
27.370	18.690	0.239
27.380	18.652	0.239
27.390	18.623	0.239
27.400	18.594	0.239
27.410	18.587	0.239
27.420	18.579	0.239
27.430	18.594	0.239
27.440	18.620	0.239
27.450	18.643	0.239
27.460	18.692	0.239
27.470	18.731	0.239
27.480	18.797	0.239
27.490	18.854	0.239
27.500	18.932	0.239
27.510	19.024	0.239
27.520	19.107	0.239
27.530	19.207	0.239
27.540	19.303	0.239
27.550	19.416	0.239
27.560	19.511	0.239
27.570	19.616	0.239
27.580	19.733	0.239
27.590	19.846	0.239
27.600	19.976	0.239
27.610	20.085	0.239
27.620	20.210	0.239
27.630	20.315	0.239
27.640	20.428	0.239
27.650	20.549	0.239
27.660	20.645	0.239
27.670	20.745	0.239
27.680	20.832	0.239
27.690	20.928	0.239
27.700	21.007	0.239
27.710	21.064	0.239
27.720	21.129	0.239
27.730	21.174	0.239
27.740	21.222	0.239
27.750	21.245	0.239
27.760	21.276	0.239
27.770	21.290	0.239
27.780	21.287	0.239
27.790	21.284	0.239
27.800	21.254	0.239
27.810	21.226	0.239
27.820	21.180	0.239
27.830	21.133	0.239
27.840	21.083	0.239
27.850	21.011	0.239
27.860	20.944	0.239
27.870	20.850	0.239
27.880	20.761	0.239
27.890	20.663	0.239
27.900	20.565	0.239
27.910	20.459	0.239
27.920	20.344	0.239
27.930	20.242	0.239
27.940	20.114	0.239
27.950	20.004	0.239
27.960	19.884	0.239
27.970	19.756	0.239
27.980	19.650	0.239
27.990	19.531	0.239
28.000	19.425	0.239
28.010	19.305	0.239
28.020	19.203	0.239
28.030	19.110	0.239
28.040	19.012	0.239
28.050	18.932	0.239
28.060	18.843	0.239
28.070	18.784	0.239
28.080	18.711	0.239
28.090	18.665	0.239
28.100	18.632	0.239
28.110	18.586	0.239
28.120	18.570	0.239
28.130	18.550	0.239
28.140	18.555	0.239
28.150	18.569	0.239
28.160	18.596	0.239
28.170	18.632	0.239
28.180	18.663	0.239
28.190	18.720	0.239
28.200	18.769	0.239
28.210	18.838	0.239
28.220	18.913	0.239
28.230	18.987	0.239
28.240	19.083	0.239
28.250	19.170	0.239
28.260	19.274	0.239
28.270	19.378	0.239
28.280	19.487	0.239
28.290	19.587	0.239
28.300	19.691	0.239
28.310	19.817	0.239
28.320	19.934	0.239
28.330	20.056	0.239
28.340	20.169	0.239
28.350	20.290	0.239
28.360	20.404	0.239
28.370	20.508	0.239
28.380	20.621	0.239
28.390	20.712	0.239
28.400	20.808	0.239
28.410	20.891	0.239
28.420	20.978	0.239
28.430	21.052	0.239
28.440	21.105	0.239
28.450	21.166	0.239
28.460	21.206	0.239
28.470	21.246	0.239
28.480	21.277	0.239
28.490	21.287	0.239
28.500	21.297	0.239
28.510	21.285	0.239
28.520	21.273	0.239
28.530	21.240	0.239
28.540	21.207	0.239
28.550	21.165	0.239
28.560	21.106	0.239
28.570	21.047	0.239
28.580	20.975	0.239
28.590	20.899	0.239
28.600	20.806	0.239
28.610	20.716	0.239
28.620	20.627	0.239
28.630	20.508	0.239
28.640	20.406	0.239
28.650	20.291	0.239
28.660	20.180	0.239
28.670	20.057	0.239
28.680	19.942	0.239
28.690	19.823	0.239
28.700	19.699	0.239
28.710	19.614	0.239
28.720	19.499	0.239
28.730	19.397	0.239
28.740	19.295	0.239
28.750	19.184	0.239
28.760	19.100	0.239
28.770	19.002	0.239
28.780	18.926	0.239
28.790	18.849	0.239
28.800	18.791	0.239
28.810	18.740	0.239
28.820	18.685	0.239
28.830	18.652	0.239
28.840	18.619	0.239
28.850	18.607	0.239
28.860	18.591	0.239
28.870	18.601	0.239
28.880	18.619	0.239
28.890	18.637	0.239
28.900	18.677	0.239
28.910	18.717	0.239
28.920	18.774	0.239
28.930	18.823	0.239
28.940	18.893	0.239
28.950	18.950	0.239
28.960	19.033	0.239
28.970	19.129	0.239
28.980	19.215	0.239
28.990	19.328	0.239
29.000	19.446	0.239
29.010	19.546	0.239
29.020	19.659	0.239
29.030	19.768	0.239
29.040	19.889	0.239
29.050	20.002	0.239
29.060	20.119	0.239
29.070	20.241	0.239
29.080	20.341	0.239
29.090	20.453	0.239
29.100	20.549	0.239
29.110	20.658	0.239
29.120	20.741	0.239
29.130	20.837	0.239
29.140	20.919	0.239
29.150	20.985	0.239
29.160	21.055	0.239
29.170	21.104	0.239
29.180	21.152	0.239
29.190	21.183	0.239
29.200	21.219	0.239
29.210	21.246	0.239
29.220	21.242	0.239
29.230	21.248	0.239
29.240	21.228	0.239
29.250	21.211	0.239
29.260	21.183	0.239
29.270	21.137	0.239
29.280	21.090	0.239
29.290	21.027	0.239
29.300	20.968	0.239
29.310	20.888	0.239
29.320	20.807	0.239
29.330	20.722	0.239
29.340	20.625	0.239
29.350	20.522	0.239
29.360	20.407	0.239
29.370	20.314	0.239
29.380	20.191	0.239
29.390	20.084	0.239
29.400	19.974	0.239
29.410	19.841	0.239
29.420	19.735	0.239
29.430	19.611	0.239
29.440	19.510	0.239
29.450	19.395	0.239
29.460	19.314	0.239
29.470	19.216	0.239
29.480	19.114	0.239
29.490	19.034	0.239
29.500	18.940	0.239
29.510	18.877	0.239
29.520	18.818	0.239
29.530	18.754	0.239
29.540	18.713	0.239
29.550	18.667	0.239
29.560	18.642	0.239
29.570	18.617	0.239
29.580	18.610	0.239
29.590	18.616	0.239
29.600	18.621	0.239
29.610	18.648	0.239
29.620	18.671	0.239
29.630	18.719	0.239
29.640	18.763	0.239
29.650	18.829	0.239
29.660	18.894	0.239
29.670	18.956	0.239
29.680	19.056	0.239
29.690	19.134	0.239
29.700	19.234	0.239
29.710	19.330	0.239
29.720	19.421	0.239
29.730	19.534	0.239
29.740	19.639	0.239
29.750	19.756	0.239
29.760	19.869	0.239
29.770	19.995	0.239
29.780	20.112	0.239
29.790	20.225	0.239
29.800	20.342	0.239
29.810	20.438	0.239
29.820	20.555	0.239
29.830	20.651	0.239
29.840	20.747	0.239
29.850	20.847	0.239
29.860	20.926	0.239
29.870	20.999	0.239
29.880	21.057	0.239
29.890	21.122	0.239
29.900	21.162	0.239
29.910	21.211	0.239
29.920	21.246	0.239
29.930	21.264	0.239
29.940	21.279	0.239
29.950	21.271	0.239
29.960	21.264	0.239
29.970	21.239	0.239
29.980	21.214	0.239
29.990	21.177	0.239
30.000	21.122	0.239
30.010	21.072	0.239
30.020	21.000	0.239
30.030	20.928	0.239
30.040	20.852	0.239
30.050	20.750	0.239
30.060	20.665	0.239
30.070	20.554	0.239
30.080	20.448	0.239
30.090	20.337	0.239
30.100	20.231	0.239
30.110	20.120	0.239
30.120	20.001	0.239
30.130	19.881	0.239
30.140	19.758	0.239
30.150	19.648	0.239
30.160	19.533	0.239
30.170	19.426	0.239
30.180	19.324	0.239
30.190	19.209	0.239
30.200	19.116	0.239
30.210	19.018	0.239
30.220	18.938	0.239
30.230	18.853	0.239
30.240	18.794	0.239
30.250	18.743	0.239
30.260	18.684	0.239
30.270	18.647	0.239
30.280	18.605	0.239
30.290	18.589	0.239
30.300	18.582	0.239
30.310	18.570	0.239
30.320	18.584	0.239
30.330	18.594	0.239
30.340	18.629	0.239
30.350	18.665	0.239
30.360	18.717	0.239
30.370	18.779	0.239
30.380	18.831	0.239
30.390	18.906	0.239
30.400	18.980	0.239
30.410	19.076	0.239
30.420	19.159	0.239
30.430	19.267	0.239
30.440	19.380	0.239
30.450	19.485	0.239
30.460	19.597	0.239
30.470	19.702	0.239
30.480	19.823	0.239
30.490	19.936	0.239
30.500	20.062	0.239
30.510	20.184	0.239
30.520	20.288	0.239
30.530	20.401	0.239
30.540	20.501	0.239
30.550	20.614	0.239
30.560	20.714	0.239
30.570	20.797	0.239
30.580	20.892	0.239
30.590	20.963	0.239
30.600	21.037	0.239
30.610	21.085	0.239
30.620	21.147	0.239
30.630	21.191	0.239
30.640	21.222	0.239
30.650	21.253	0.239
30.660	21.259	0.239
30.670	21.268	0.239
30.680	21.252	0.239
30.690	21.241	0.239
30.700	21.221	0.239
30.710	21.174	0.239
30.720	21.132	0.239
30.730	21.073	0.239
30.740	21.018	0.239
30.750	20.942	0.239
30.760	20.866	0.239
30.770	20.781	0.239
30.780	20.683	0.239
30.790	20.594	0.239
30.800	20.475	0.239
30.810	20.373	0.239
30.820	20.275	0.239
30.830	20.148	0.239
30.840	20.041	0.239
30.850	19.913	0.239
30.860	19.798	0.239
30.870	19.679	0.239
30.880	19.577	0.239
30.890	19.475	0.239
30.900	19.365	0.239
30.910	19.280	0.239
30.920	19.173	0.239
30.930	19.093	0.239
30.940	19.000	0.239
30.950	18.927	0.239
30.960	18.864	0.239
30.970	18.797	0.239
30.980	18.751	0.239
30.990	18.700	0.239
31.000	18.671	0.239
31.010	18.638	0.239
31.020	18.630	0.239
31.030	18.631	0.239
31.040	18.628	0.239
31.050	18.651	0.239
31.060	18.669	0.239
31.070	18.714	0.239
31.080	18.762	0.239
31.090	18.806	0.239
31.100	18.872	0.239
31.110	18.933	0.239
31.120	19.016	0.239
31.130	19.095	0.239
31.140	19.190	0.239
31.150	19.295	0.239
31.160	19.390	0.239
31.170	19.504	0.239
31.180	19.603	0.239
31.190	19.695	0.239
31.200	19.799	0.239
31.210	19.929	0.239
31.220	20.051	0.239
31.230	20.155	0.239
31.240	20.277	0.239
31.250	20.373	0.239
31.260	20.481	0.239
31.270	20.581	0.239
31.280	20.681	0.239
31.290	20.777	0.239
31.300	20.855	0.239
31.310	20.938	0.239
31.320	21.000	0.239
31.330	21.065	0.239
31.340	21.122	0.239
31.350	21.154	0.239
31.360	21.193	0.239
31.370	21.212	0.239
31.380	21.235	0.239
31.390	21.231	0.239
31.400	21.228	0.239
31.410	21.221	0.239
31.420	21.183	0.239
31.430	21.154	0.239
31.440	21.100	0.239
31.450	21.058	0.239
31.460	20.990	0.239
31.470	20.927	0.239
31.480	20.855	0.239
31.490	20.757	0.239
31.500	20.677	0.239
31.510	20.575	0.239
31.520	20.473	0.239
31.530	20.362	0.239
31.540	20.264	0.239
31.550	20.154	0.239
31.560	20.038	0.239
31.570	19.928	0.239
31.580	19.800	0.239
31.590	19.694	0.239
31.600	19.592	0.239
31.610	19.477	0.239
31.620	19.379	0.239
31.630	19.264	0.239
31.640	19.166	0.239
31.650	19.073	0.239
31.660	18.993	0.239
31.670	18.920	0.239
31.680	18.844	0.239
31.690	18.790	0.239
31.700	18.726	0.239
31.710	18.689	0.239
31.720	18.660	0.239
31.730	18.648	0.239
31.740	18.636	0.239
31.750	18.625	0.239
31.760	18.634	0.239
31.770	18.640	0.239
31.780	18.671	0.239
31.790	18.694	0.239
31.800	18.742	0.239
31.810	18.799	0.239
31.820	18.852	0.239
31.830	18.922	0.239
31.840	18.988	0.239
31.850	19.079	0.239
31.860	19.175	0.239
31.870	19.262	0.239
31.880	19.371	0.239
31.890	19.453	0.239
31.900	19.562	0.239
31.910	19.662	0.239
31.920	19.783	0.239
31.930	19.905	0.239
31.940	20.018	0.239
31.950	20.135	0.239
31.960	20.244	0.239
31.970	20.357	0.239
31.980	20.453	0.239
31.990	20.566	0.239
32.000	20.670	0.239
32.010	20.753	0.239
32.020	20.844	0.239
32.030	20.919	0.239
32.040	20.993	0.239
32.050	21.050	0.239
32.060	21.107	0.239
32.070	21.160	0.239
32.080	21.191	0.239
32.090	21.227	0.239
32.100	21.241	0.239
32.110	21.254	0.239
32.120	21.256	0.239
32.130	21.236	0.239
32.140	21.219	0.239
32.150	21.182	0.239
32.160	21.144	0.239
32.170	21.085	0.239
32.180	21.035	0.239
32.190	20.976	0.239
32.200	20.891	0.239
32.210	20.815	0.239
32.220	20.721	0.239
32.230	20.637	0.239
32.240	20.521	0.239
32.250	20.419	0.239
32.260	20.326	0.239
32.270	20.207	0.239
32.280	20.100	0.239
32.290	19.981	0.239
32.300	19.862	0.239
32.310	19.743	0.239
32.320	19.658	0.239
32.330	19.556	0.239
32.340	19.441	0.239
32.350	19.343	0.239
32.360	19.233	0.239
32.370	19.144	0.239
32.380	19.063	0.239
32.390	18.974	0.239
32.400	18.906	0.239
32.410	18.834	0.239
32.420	18.784	0.239
32.430	18.729	0.239
32.440	18.696	0.239
32.450	18.671	0.239
32.460	18.647	0.239
32.470	18.639	0.239
32.480	18.632	0.239
32.490	18.650	0.239
32.500	18.660	0.239
32.510	18.696	0.239
32.520	18.739	0.239
32.530	18.775	0.239
32.540	18.815	0.239
32.550	18.868	0.239
32.560	18.942	0.239
32.570	19.021	0.239
32.580	19.116	0.239
32.590	19.208	0.239
32.600	19.299	0.239
32.610	19.417	0.239
32.620	19.512	0.239
32.630	19.621	0.239
32.640	19.734	0.239
32.650	19.842	0.239
32.660	19.960	0.239
32.670	20.068	0.239
32.680	20.185	0.239
32.690	20.286	0.239
32.700	20.398	0.239
32.710	20.503	0.239
32.720	20.599	0.239
32.730	20.698	0.239
32.740	20.777	0.239
32.750	20.864	0.239
32.760	20.935	0.239
32.770	21.004	0.239
32.780	21.066	0.239
32.790	21.106	0.239
32.800	21.150	0.239
32.810	21.172	0.239
32.820	21.204	0.239
32.830	21.209	0.239
32.840	21.214	0.239
32.850	21.216	0.239
32.860	21.187	0.239
32.870	21.166	0.239
32.880	21.120	0.239
32.890	21.083	0.239
32.900	21.036	0.239
32.910	20.969	0.239
32.920	20.906	0.239
32.930	20.816	0.239
32.940	20.736	0.239
32.950	20.643	0.239
32.960	20.549	0.239
32.970	20.451	0.239
32.980	20.341	0.239
32.990	20.239	0.239
33.000	20.119	0.239
33.010	20.013	0.239
33.020	19.890	0.239
33.030	19.779	0.239
33.040	19.672	0.239
33.050	19.558	0.239
33.060	19.460	0.239
33.070	19.362	0.239
33.080	19.273	0.239
33.090	19.167	0.239
33.100	19.091	0.239
33.110	19.014	0.239
33.120	18.929	0.239
33.130	18.871	0.239
33.140	18.807	0.239
33.150	18.765	0.239
33.160	18.728	0.239
33.170	18.690	0.239
33.180	18.674	0.239
33.190	18.654	0.239
33.200	18.655	0.239
33.210	18.656	0.239
33.220	18.679	0.239
33.230	18.710	0.239
33.240	18.742	0.239
33.250	18.790	0.239
33.260	18.838	0.239
33.270	18.904	0.239
33.280	18.965	0.239
33.290	19.048	0.239
33.300	19.140	0.239
33.310	19.222	0.239
33.320	19.327	0.239
33.330	19.410	0.239
33.340	19.510	0.239
33.350	19.610	0.239
33.360	19.723	0.239
33.370	19.840	0.239
33.380	19.957	0.239
33.390	20.070	0.239
33.400	20.174	0.239
33.410	20.296	0.239
33.420	20.405	0.239
33.430	20.500	0.239
33.440	20.609	0.239
33.450	20.692	0.239
33.460	20.783	0.239
33.470	20.866	0.239
33.480	20.945	0.239
33.490	21.019	0.239
33.500	21.067	0.239
33.510	21.125	0.239
33.520	21.156	0.239
33.530	21.191	0.239
33.540	21.210	0.239
33.550	21.228	0.239
33.560	21.238	0.239
33.570	21.226	0.239
33.580	21.214	0.239
33.590	21.177	0.239
33.600	21.148	0.239
33.610	21.093	0.239
33.620	21.047	0.239
33.630	20.996	0.239
33.640	20.916	0.239
33.650	20.844	0.239
33.660	20.746	0.239
33.670	20.666	0.239
33.680	20.577	0.239
33.690	20.462	0.239
33.700	20.364	0.239
33.710	20.249	0.239
33.720	20.143	0.239
33.730	20.023	0.239
33.740	19.913	0.239
33.750	19.798	0.239
33.760	19.683	0.239
33.770	19.581	0.239
33.780	19.466	0.239
33.790	19.368	0.239
33.800	19.253	0.239
33.810	19.160	0.239
33.820	19.080	0.239
33.830	18.986	0.239
33.840	18.914	0.239
33.850	18.842	0.239
33.860	18.788	0.239
33.870	18.728	0.239
33.880	18.691	0.239
33.890	18.662	0.239
33.900	18.629	0.239
33.910	18.621	0.239
33.920	18.610	0.239
33.930	18.619	0.239
33.940	18.642	0.239
33.950	18.660	0.239
33.960	18.700	0.239
33.970	18.731	0.239
33.980	18.793	0.239
33.990	18.841	0.239
34.000	18.911	0.239
34.010	18.994	0.239
34.020	19.077	0.239
34.030	19.168	0.239
34.040	19.255	0.239
34.050	19.368	0.239
34.060	19.468	0.239
34.070	19.577	0.239
34.080	19.690	0.239
34.090	19.794	0.239
34.100	19.916	0.239
34.110	20.025	0.239
34.120	20.142	0.239
34.130	20.250	0.239
34.140	20.359	0.239
34.150	20.468	0.239
34.160	20.563	0.239
34.170	20.668	0.239
34.180	20.746	0.239
34.190	20.842	0.239
34.200	20.925	0.239
34.210	20.986	0.239
34.220	21.052	0.239
34.230	21.096	0.239
34.240	21.149	0.239
34.250	21.176	0.239
34.260	21.207	0.239
34.270	21.230	0.239
34.280	21.231	0.239
34.290	21.232	0.239
34.300	21.212	0.239
34.310	21.191	0.239
34.320	21.150	0.239
34.330	21.112	0.239
34.340	21.070	0.239
34.350	21.007	0.239
34.360	20.948	0.239
34.370	20.863	0.239
34.380	20.782	0.239
34.390	20.689	0.239
34.400	20.604	0.239
34.410	20.502	0.239
34.420	20.387	0.239
34.430	20.294	0.239
34.440	20.175	0.239
34.450	20.068	0.239
34.460	19.970	0.239
34.470	19.838	0.239
34.480	19.737	0.239
34.490	19.617	0.239
34.500	19.519	0.239
34.510	19.409	0.239
34.520	19.337	0.239
34.530	19.239	0.239
34.540	19.146	0.239
34.550	19.070	0.239
34.560	18.980	0.239
34.570	18.913	0.239
34.580	18.845	0.239
34.590	18.799	0.239
34.600	18.757	0.239
34.610	18.711	0.239
34.620	18.691	0.239
34.630	18.666	0.239
34.640	18.663	0.239
34.650	18.656	0.239
34.660	18.674	0.239
34.670	18.701	0.239
34.680	18.723	0.239
34.690	18.767	0.239
34.700	18.807	0.239
34.710	18.869	0.239
34.720	18.926	0.239
34.730	19.004	0.239
34.740	19.092	0.239
34.750	19.170	0.239
34.760	19.266	0.239
34.770	19.357	0.239
34.780	19.470	0.239
34.790	19.557	0.239
34.800	19.649	0.239
34.810	19.766	0.239
34.820	19.875	0.239
34.830	19.992	0.239
34.840	20.101	0.239
34.850	20.218	0.239
34.860	20.327	0.239
34.870	20.418	0.239
34.880	20.526	0.239
34.890	20.618	0.239
34.900	20.710	0.239
34.910	20.784	0.239
34.920	20.871	0.239
34.930	20.945	0.239
34.940	20.998	0.239
34.950	21.055	0.239
34.960	21.091	0.239
34.970	21.130	0.239
34.980	21.149	0.239
34.990	21.171	0.239
35.000	21.185	0.239
35.010	21.178	0.239
35.020	21.175	0.239
35.030	21.146	0.239
35.040	21.121	0.239
35.050	21.092	0.239
35.060	21.038	0.239
35.070	20.991	0.239
35.080	20.919	0.239
35.090	20.852	0.239
35.100	20.763	0.239
35.110	20.686	0.239
35.120	20.602	0.239
35.130	20.491	0.239
35.140	20.397	0.239
35.150	20.291	0.239
35.160	20.189	0.239
35.170	20.075	0.239
35.180	19.972	0.239
35.190	19.857	0.239
35.200	19.743	0.239
35.210	19.640	0.239
35.220	19.530	0.239
35.230	19.436	0.239
35.240	19.326	0.239
35.250	19.228	0.239
35.260	19.143	0.239
35.270	19.054	0.239
35.280	18.982	0.239
35.290	18.902	0.239
35.300	18.847	0.239
35.310	18.797	0.239
35.320	18.754	0.239
35.330	18.734	0.239
35.340	18.697	0.239
35.350	18.685	0.239
35.360	18.665	0.239
35.370	18.674	0.239
35.380	18.689	0.239
35.390	18.702	0.239
35.400	18.734	0.239
35.410	18.765	0.239
35.420	18.813	0.239
35.430	18.862	0.239
35.440	18.928	0.239
35.450	19.006	0.239
35.460	19.076	0.239
35.470	19.168	0.239
35.480	19.250	0.239
35.490	19.338	0.239
35.500	19.429	0.239
35.510	19.537	0.239
35.520	19.646	0.239
35.530	19.746	0.239
35.540	19.863	0.239
35.550	19.977	0.239
35.560	20.090	0.239
35.570	20.207	0.239
35.580	20.307	0.239
35.590	20.411	0.239
35.600	20.507	0.239
35.610	20.615	0.239
35.620	20.698	0.239
35.630	20.785	0.239
35.640	20.873	0.239
35.650	20.943	0.239
35.660	21.009	0.239
35.670	21.057	0.239
35.680	21.110	0.239
35.690	21.141	0.239
35.700	21.176	0.239
35.710	21.203	0.239
35.720	21.213	0.239
35.730	21.218	0.239
35.740	21.202	0.239
35.750	21.191	0.239
35.760	21.153	0.239
35.770	21.124	0.239
35.780	21.082	0.239
35.790	21.024	0.239
35.800	20.973	0.239
35.810	20.892	0.239
35.820	20.816	0.239
35.830	20.740	0.239
35.840	20.642	0.239
35.850	20.553	0.239
35.860	20.443	0.239
35.870	20.349	0.239
35.880	20.234	0.239
35.890	20.128	0.239
35.900	20.026	0.239
35.910	19.898	0.239
35.920	19.809	0.239
35.930	19.698	0.239
35.940	19.596	0.239
35.950	19.485	0.239
35.960	19.392	0.239
35.970	19.295	0.239
35.980	19.192	0.239
35.990	19.116	0.239
36.000	19.027	0.239
36.010	18.955	0.239
36.020	18.883	0.239
36.030	18.833	0.239
36.040	18.787	0.239
36.050	18.740	0.239
36.060	18.711	0.239
36.070	18.683	0.239
36.080	18.671	0.239
36.090	18.672	0.239
36.100	18.669	0.239
36.110	18.692	0.239
36.120	18.684	0.239
36.130	18.728	0.239
36.140	18.764	0.239
36.150	18.816	0.239
36.160	18.878	0.239
36.170	18.935	0.239
36.180	19.022	0.239
36.190	19.101	0.239
36.200	19.188	0.239
36.210	19.275	0.239
36.220	19.384	0.239
36.230	19.497	0.239
36.240	19.588	0.239
36.250	19.692	0.239
36.260	19.801	0.239
36.270	19.918	0.239
36.280	20.023	0.239
36.290	20.136	0.239
36.300	20.253	0.239
36.310	20.344	0.239
36.320	20.453	0.239
36.330	20.544	0.239
36.340	20.644	0.239
36.350	20.740	0.239
36.360	20.815	0.239
36.370	20.897	0.239
36.380	20.954	0.239
36.390	21.020	0.239
36.400	21.064	0.239
36.410	21.113	0.239
36.420	21.148	0.239
36.430	21.166	0.239
36.440	21.189	0.239
36.450	21.186	0.239
36.460	21.187	0.239
36.470	21.167	0.239
36.480	21.151	0.239
36.490	21.122	0.239
36.500	21.076	0.239
36.510	21.034	0.239
36.520	20.971	0.239
36.530	20.911	0.239
36.540	20.827	0.239
36.550	20.751	0.239
36.560	20.674	0.239
36.570	20.572	0.239
36.580	20.474	0.239
36.590	20.368	0.239
36.600	20.274	0.239
36.610	20.155	0.239
36.620	20.053	0.239
36.630	19.947	0.239
36.640	19.823	0.239
36.650	19.722	0.239
36.660	19.611	0.239
36.670	19.513	0.239
36.680	19.415	0.239
36.690	19.309	0.239
36.700	19.220	0.239
36.710	19.144	0.239
36.720	19.072	0.239
36.730	18.987	0.239
36.740	18.924	0.239
36.750	18.869	0.239
36.760	18.814	0.239
36.770	18.777	0.239
36.780	18.735	0.239
36.790	18.714	0.239
36.800	18.690	0.239
36.810	18.691	0.239
36.820	18.701	0.239
36.830	18.706	0.239
36.840	18.733	0.239
36.850	18.756	0.239
36.860	18.804	0.239
36.870	18.844	0.239
36.880	18.905	0.239
36.890	18.975	0.239
36.900	19.041	0.239
36.910	19.128	0.239
36.920	19.207	0.239
36.930	19.307	0.239
36.940	19.411	0.239
36.950	19.503	0.239
36.960	19.611	0.239
36.970	19.699	0.239
36.980	19.794	0.239
36.990	19.903	0.239
37.000	20.020	0.239
37.010	20.133	0.239
37.020	20.233	0.239
37.030	20.342	0.239
37.040	20.433	0.239
37.050	20.542	0.239
37.060	20.629	0.239
37.070	20.720	0.239
37.080	20.812	0.239
37.090	20.882	0.239
37.100	20.956	0.239
37.110	21.005	0.239
37.120	21.062	0.239
37.130	21.101	0.239
37.140	21.141	0.239
37.150	21.168	0.239
37.160	21.178	0.239
37.170	21.188	0.239
37.180	21.181	0.239
37.190	21.173	0.239
37.200	21.153	0.239
37.210	21.115	0.239
37.220	21.082	0.239
37.230	21.027	0.239
37.240	20.977	0.239
37.250	20.905	0.239
37.260	20.833	0.239
37.270	20.757	0.239
37.280	20.668	0.239
37.290	20.583	0.239
37.300	20.472	0.239
37.310	20.379	0.239
37.320	20.272	0.239
37.330	20.166	0.239
37.340	20.064	0.239
37.350	19.949	0.239
37.360	19.834	0.239
37.370	19.724	0.239
37.380	19.621	0.239
37.390	19.511	0.239
37.400	19.418	0.239
37.410	19.319	0.239
37.420	19.213	0.239
37.430	19.133	0.239
37.440	19.044	0.239
37.450	18.967	0.239
37.460	18.908	0.239
37.470	18.841	0.239
37.480	18.794	0.239
37.490	18.744	0.239
37.500	18.715	0.239
37.510	18.682	0.239
37.520	18.666	0.239
37.530	18.663	0.239
37.540	18.660	0.239
37.550	18.678	0.239
37.560	18.692	0.239
37.570	18.728	0.239
37.580	18.759	0.239
37.590	18.812	0.239
37.600	18.869	0.239
37.610	18.922	0.239
37.620	19.000	0.239
37.630	19.079	0.239
37.640	19.166	0.239
37.650	19.249	0.239
37.660	19.353	0.239
37.670	19.462	0.239
37.680	19.557	0.239
37.690	19.662	0.239
37.700	19.766	0.239
37.710	19.883	0.239
37.720	20.001	0.239
37.730	20.101	0.239
37.740	20.218	0.239
37.750	20.318	0.239
37.760	20.418	0.239
37.770	20.514	0.239
37.780	20.618	0.239
37.790	20.710	0.239
37.800	20.784	0.239
37.810	20.871	0.239
37.820	20.937	0.239
37.830	21.002	0.239
37.840	21.046	0.239
37.850	21.099	0.239
37.860	21.139	0.239
37.870	21.162	0.239
37.880	21.184	0.239
37.890	21.190	0.239
37.900	21.195	0.239
37.910	21.179	0.239
37.920	21.163	0.239
37.930	21.138	0.239
37.940	21.092	0.239
37.950	21.059	0.239
37.960	21.000	0.239
37.970	20.941	0.239
37.980	20.865	0.239
37.990	20.789	0.239
38.000	20.712	0.239
38.010	20.619	0.239
38.020	20.521	0.239
38.030	20.415	0.239
38.040	20.326	0.239
38.050	20.228	0.239
38.060	20.109	0.239
38.070	20.007	0.239
38.080	19.887	0.239
38.090	19.781	0.239
38.100	19.666	0.239
38.110	19.577	0.239
38.120	19.497	0.239
38.130	19.390	0.239
38.140	19.297	0.239
38.150	19.195	0.239
38.160	19.123	0.239
38.170	19.034	0.239
38.180	18.966	0.239
38.190	18.907	0.239
38.200	18.848	0.239
38.210	18.806	0.239
38.220	18.760	0.239
38.230	18.736	0.239
38.240	18.707	0.239
38.250	18.699	0.239
38.260	18.705	0.239
38.270	18.702	0.239
38.280	18.724	0.239
38.290	18.742	0.239
38.300	18.787	0.239
38.310	18.835	0.239
38.320	18.879	0.239
38.330	18.941	0.239
38.340	19.002	0.239
38.350	19.089	0.239
38.360	19.159	0.239
38.370	19.251	0.239
38.380	19.329	0.239
38.390	19.421	0.239
38.400	19.529	0.239
38.410	19.620	0.239
38.420	19.729	0.239
38.430	19.829	0.239
38.440	19.947	0.239
38.450	20.059	0.239
38.460	20.160	0.239
38.470	20.273	0.239
38.480	20.360	0.239
38.490	20.464	0.239
38.500	20.551	0.239
38.510	20.651	0.239
38.520	20.738	0.239
38.530	20.809	0.239
38.540	20.887	0.239
38.550	20.940	0.239
38.560	21.001	0.239
38.570	21.054	0.239
38.580	21.085	0.239
38.590	21.121	0.239
38.600	21.130	0.239
38.610	21.149	0.239
38.620	21.141	0.239
38.630	21.143	0.239
38.640	21.131	0.239
38.650	21.102	0.239
38.660	21.077	0.239
38.670	21.027	0.239
38.680	20.985	0.239
38.690	20.917	0.239
38.700	20.854	0.239
38.710	20.782	0.239
38.720	20.701	0.239
38.730	20.621	0.239
38.740	20.519	0.239
38.750	20.425	0.239
38.760	20.324	0.239
38.770	20.226	0.239
38.780	20.128	0.239
38.790	20.017	0.239
38.800	19.911	0.239
38.810	19.792	0.239
38.820	19.694	0.239
38.830	19.596	0.239
38.840	19.490	0.239
38.850	19.396	0.239
38.860	19.290	0.239
38.870	19.201	0.239
38.880	19.112	0.239
38.890	19.040	0.239
38.900	18.981	0.239
38.910	18.922	0.239
38.920	18.872	0.239
38.930	18.817	0.239
38.940	18.784	0.239
38.950	18.746	0.239
38.960	18.730	0.239
38.970	18.718	0.239
38.980	18.711	0.239
38.990	18.720	0.239
39.000	18.730	0.239
39.010	18.757	0.239
39.020	18.785	0.239
39.030	18.833	0.239
39.040	18.886	0.239
39.050	18.934	0.239
39.060	19.004	0.239
39.070	19.074	0.239
39.080	19.157	0.239
39.090	19.248	0.239
39.100	19.322	0.239
39.110	19.414	0.239
39.120	19.510	0.239
39.130	19.614	0.239
39.140	19.710	0.239
39.150	19.823	0.239
39.160	19.944	0.239
39.170	20.044	0.239
39.180	20.153	0.239
39.190	20.253	0.239
39.200	20.357	0.239
39.210	20.444	0.239
39.220	20.553	0.239
39.230	20.653	0.239
39.240	20.727	0.239
39.250	20.815	0.239
39.260	20.880	0.239
39.270	20.955	0.239
39.280	21.003	0.239
39.290	21.052	0.239
39.300	21.100	0.239
39.310	21.127	0.239
39.320	21.154	0.239
39.330	21.159	0.239
39.340	21.173	0.239
39.350	21.162	0.239
39.360	21.154	0.239
39.370	21.134	0.239
39.380	21.096	0.239
39.390	21.063	0.239
39.400	21.009	0.239
39.410	20.958	0.239
39.420	20.895	0.239
39.430	20.814	0.239
39.440	20.738	0.239
39.450	20.649	0.239
39.460	20.564	0.239
39.470	20.453	0.239
39.480	20.364	0.239
39.490	20.266	0.239
39.500	20.152	0.239
39.510	20.050	0.239
39.520	19.934	0.239
39.530	19.828	0.239
39.540	19.713	0.239
39.550	19.620	0.239
39.560	19.539	0.239
39.570	19.437	0.239
39.580	19.344	0.239
39.590	19.242	0.239
39.600	19.157	0.239
39.610	19.072	0.239
39.620	19.005	0.239
39.630	18.941	0.239
39.640	18.874	0.239
39.650	18.832	0.239
39.660	18.782	0.239
39.670	18.748	0.239
39.680	18.728	0.239
39.690	18.686	0.239
39.700	18.683	0.239
39.710	18.675	0.239
39.720	18.694	0.239
39.730	18.708	0.239
39.740	18.748	0.239
39.750	18.792	0.239
39.760	18.823	0.239
39.770	18.884	0.239
39.780	18.937	0.239
39.790	19.020	0.239
39.800	19.090	0.239
39.810	19.177	0.239
39.820	19.273	0.239
39.830	19.364	0.239
39.840	19.469	0.239
39.850	19.560	0.239
39.860	19.664	0.239
39.870	19.769	0.239
39.880	19.882	0.239
39.890	19.999	0.239
39.900	20.099	0.239
39.910	20.212	0.239
39.920	20.303	0.239
39.930	20.408	0.239
39.940	20.512	0.239
39.950	20.599	0.239
39.960	20.691	0.239
39.970	20.765	0.239
39.980	20.848	0.239
39.990	20.909	0.239
40.000	20.975	0.239
40.010	21.032	0.239
40.020	21.072	0.239
40.030	21.112	0.239
40.040	21.130	0.239
40.050	21.153	0.239
40.060	21.154	0.239
40.070	21.159	0.239
40.080	21.152	0.239
40.090	21.127	0.239
40.100	21.103	0.239
40.110	21.061	0.239
40.120	21.023	0.239
40.130	20.964	0.239
40.140	20.910	0.239
40.150	20.842	0.239
40.160	20.757	0.239
40.170	20.681	0.239
40.180	20.588	0.239
40.190	20.494	0.239
40.200	20.400	0.239
40.210	20.299	0.239
40.220	20.201	0.239
40.230	20.086	0.239
40.240	19.988	0.239
40.250	19.865	0.239
40.260	19.762	0.239
40.270	19.665	0.239
40.280	19.554	0.239
40.290	19.478	0.239
40.300	19.380	0.239
40.310	19.291	0.239
40.320	19.193	0.239
40.330	19.122	0.239
40.340	19.049	0.239
40.350	18.969	0.239
40.360	18.914	0.239
40.370	18.855	0.239
40.380	18.818	0.239
40.390	18.776	0.239
40.400	18.751	0.239
40.410	18.739	0.239
40.420	18.719	0.239
40.430	18.725	0.239
40.440	18.726	0.239
40.450	18.753	0.239
40.460	18.771	0.239
40.470	18.816	0.239
40.480	18.864	0.239
40.490	18.908	0.239
40.500	18.974	0.239
40.510	19.035	0.239
40.520	19.118	0.239
40.530	19.201	0.239
40.540	19.283	0.239
40.550	19.384	0.239
40.560	19.475	0.239
40.570	19.575	0.239
40.580	19.666	0.239
40.590	19.754	0.239
40.600	19.866	0.239
40.610	19.971	0.239
40.620	20.084	0.239
40.630	20.179	0.239
40.640	20.288	0.239
40.650	20.380	0.239
40.660	20.480	0.239
40.670	20.584	0.239
40.680	20.663	0.239
40.690	20.750	0.239
40.700	20.815	0.239
40.710	20.894	0.239
40.720	20.947	0.239
40.730	21.004	0.239
40.740	21.052	0.239
40.750	21.079	0.239
40.760	21.115	0.239
40.770	21.120	0.239
40.780	21.134	0.239
40.790	21.140	0.239
40.800	21.124	0.239
40.810	21.112	0.239
40.820	21.079	0.239
40.830	21.050	0.239
40.840	20.999	0.239
40.850	20.953	0.239
40.860	20.898	0.239
40.870	20.818	0.239
40.880	20.751	0.239
40.890	20.661	0.239
40.900	20.581	0.239
40.910	20.479	0.239
40.920	20.390	0.239
40.930	20.300	0.239
40.940	20.190	0.239
40.950	20.092	0.239
40.960	19.982	0.239
40.970	19.875	0.239
40.980	19.760	0.239
40.990	19.663	0.239
41.000	19.569	0.239
41.010	19.463	0.239
41.020	19.374	0.239
41.030	19.267	0.239
41.040	19.183	0.239
41.050	19.106	0.239
41.060	19.026	0.239
41.070	18.958	0.239
41.080	18.890	0.239
41.090	18.844	0.239
41.100	18.794	0.239
41.110	18.761	0.239
41.120	18.736	0.239
41.130	18.711	0.239
41.140	18.708	0.239
41.150	18.696	0.239
41.160	18.711	0.239
41.170	18.720	0.239
41.180	18.752	0.239
41.190	18.791	0.239
41.200	18.823	0.239
41.210	18.880	0.239
41.220	18.928	0.239
41.230	19.003	0.239
41.240	19.073	0.239
41.250	19.155	0.239
41.260	19.247	0.239
41.270	19.334	0.239
41.280	19.438	0.239
41.290	19.530	0.239
41.300	19.634	0.239
41.310	19.730	0.239
41.320	19.843	0.239
41.330	19.960	0.239
41.340	20.056	0.239
41.350	20.169	0.239
41.360	20.269	0.239
41.370	20.369	0.239
41.380	20.469	0.239
41.390	20.560	0.239
41.400	20.656	0.239
41.410	20.730	0.239
41.420	20.813	0.239
41.430	20.879	0.239
41.440	20.944	0.239
41.450	21.006	0.239
41.460	21.046	0.239
41.470	21.090	0.239
41.480	21.113	0.239
41.490	21.140	0.239
41.500	21.141	0.239
41.510	21.150	0.239
41.520	21.152	0.239
41.530	21.127	0.239
41.540	21.111	0.239
41.550	21.073	0.239
41.560	21.040	0.239
41.570	20.985	0.239
41.580	20.931	0.239
41.590	20.872	0.239
41.600	20.787	0.239
41.610	20.715	0.239
41.620	20.626	0.239
41.630	20.537	0.239
41.640	20.447	0.239
41.650	20.345	0.239
41.660	20.252	0.239
41.670	20.137	0.239
41.680	20.039	0.239
41.690	19.920	0.239
41.700	19.814	0.239
41.710	19.742	0.239
41.720	19.631	0.239
41.730	19.538	0.239
41.740	19.436	0.239
41.750	19.347	0.239
41.760	19.245	0.239
41.770	19.164	0.239
41.780	19.092	0.239
41.790	19.012	0.239
41.800	18.953	0.239
41.810	18.889	0.239
41.820	18.848	0.239
41.830	18.797	0.239
41.840	18.773	0.239
41.850	18.752	0.239
41.860	18.732	0.239
41.870	18.733	0.239
41.880	18.726	0.239
41.890	18.748	0.239
41.900	18.775	0.239
41.910	18.798	0.239
41.920	18.842	0.239
41.930	18.882	0.239
41.940	18.939	0.239
41.950	18.996	0.239
41.960	19.074	0.239
41.970	19.157	0.239
41.980	19.223	0.239
41.990	19.301	0.239
42.000	19.393	0.239
42.010	19.493	0.239
42.020	19.580	0.239
42.030	19.685	0.239
42.040	19.798	0.239
42.050	19.894	0.239
42.060	20.006	0.239
42.070	20.106	0.239
42.080	20.215	0.239
42.090	20.302	0.239
42.100	20.407	0.239
42.110	20.502	0.239
42.120	20.585	0.239
42.130	20.677	0.239
42.140	20.747	0.239
42.150	20.825	0.239
42.160	20.882	0.239
42.170	20.944	0.239
42.180	21.000	0.239
42.190	21.036	0.239
42.200	21.072	0.239
42.210	21.085	0.239
42.220	21.108	0.239
42.230	21.118	0.239
42.240	21.107	0.239
42.250	21.103	0.239
42.260	21.074	0.239
42.270	21.054	0.239
42.280	21.008	0.239
42.290	20.970	0.239
42.300	20.924	0.239
42.310	20.852	0.239
42.320	20.784	0.239
42.330	20.704	0.239
42.340	20.632	0.239
42.350	20.535	0.239
42.360	20.445	0.239
42.370	20.360	0.239
42.380	20.254	0.239
42.390	20.156	0.239
42.400	20.050	0.239
42.410	19.948	0.239
42.420	19.833	0.239
42.430	19.735	0.239
42.440	19.638	0.239
42.450	19.536	0.239
42.460	19.442	0.239
42.470	19.340	0.239
42.480	19.251	0.239
42.490	19.171	0.239
42.500	19.086	0.239
42.510	19.018	0.239
42.520	18.942	0.239
42.530	18.892	0.239
42.540	18.837	0.239
42.550	18.799	0.239
42.560	18.779	0.239
42.570	18.750	0.239
42.580	18.747	0.239
42.590	18.739	0.239
42.600	18.745	0.239
42.610	18.750	0.239
42.620	18.777	0.239
42.630	18.804	0.239
42.640	18.822	0.239
42.650	18.862	0.239
42.660	18.911	0.239
42.670	18.977	0.239
42.680	19.042	0.239
42.690	19.121	0.239
42.700	19.208	0.239
42.710	19.291	0.239
42.720	19.387	0.239
42.730	19.478	0.239
42.740	19.582	0.239
42.750	19.682	0.239
42.760	19.778	0.239
42.770	19.891	0.239
42.780	19.991	0.239
42.790	20.100	0.239
42.800	20.195	0.239
42.810	20.304	0.239
42.820	20.404	0.239
42.830	20.491	0.239
42.840	20.591	0.239
42.850	20.666	0.239
42.860	20.748	0.239
42.870	20.818	0.239
42.880	20.889	0.239
42.890	20.954	0.239
42.900	20.998	0.239
42.910	21.042	0.239
42.920	21.070	0.239
42.930	21.101	0.239
42.940	21.110	0.239
42.950	21.125	0.239
42.960	21.125	0.239
42.970	21.110	0.239
42.980	21.098	0.239
42.990	21.061	0.239
43.000	21.031	0.239
43.010	20.985	0.239
43.020	20.935	0.239
43.030	20.880	0.239
43.040	20.804	0.239
43.050	20.732	0.239
43.060	20.643	0.239
43.070	20.566	0.239
43.080	20.477	0.239
43.090	20.371	0.239
43.100	20.282	0.239
43.110	20.171	0.239
43.120	20.074	0.239
43.130	19.963	0.239
43.140	19.857	0.239
43.150	19.759	0.239
43.160	19.648	0.239
43.170	19.555	0.239
43.180	19.453	0.239
43.190	19.364	0.239
43.200	19.258	0.239
43.210	19.177	0.239
43.220	19.105	0.239
43.230	19.020	0.239
43.240	18.953	0.239
43.250	18.889	0.239
43.260	18.847	0.239
43.270	18.797	0.239
43.280	18.764	0.239
43.290	18.739	0.239
43.300	18.714	0.239
43.310	18.711	0.239
43.320	18.704	0.239
43.330	18.722	0.239
43.340	18.745	0.239
43.350	18.763	0.239
43.360	18.799	0.239
43.370	18.834	0.239
43.380	18.892	0.239
43.390	18.940	0.239
43.400	19.018	0.239
43.410	19.097	0.239
43.420	19.167	0.239
43.430	19.258	0.239
43.440	19.346	0.239
43.450	19.450	0.239
43.460	19.541	0.239
43.470	19.642	0.239
43.480	19.750	0.239
43.490	19.846	0.239
43.500	19.959	0.239
43.510	20.059	0.239
43.520	20.167	0.239
43.530	20.263	0.239
43.540	20.364	0.239
43.550	20.463	0.239
43.560	20.551	0.239
43.570	20.646	0.239
43.580	20.716	0.239
43.590	20.799	0.239
43.600	20.873	0.239
43.610	20.930	0.239
43.620	20.987	0.239
43.630	21.027	0.239
43.640	21.067	0.239
43.650	21.090	0.239
43.660	21.113	0.239
43.670	21.131	0.239
43.680	21.123	0.239
43.690	21.125	0.239
43.700	21.100	0.239
43.710	21.084	0.239
43.720	21.042	0.239
43.730	21.009	0.239
43.740	20.963	0.239
43.750	20.899	0.239
43.760	20.840	0.239
43.770	20.756	0.239
43.780	20.688	0.239
43.790	20.599	0.239
43.800	20.510	0.239
43.810	20.421	0.239
43.820	20.318	0.239
43.830	20.225	0.239
43.840	20.115	0.239
43.850	20.021	0.239
43.860	19.902	0.239
43.870	19.800	0.239
43.880	19.702	0.239
43.890	19.596	0.239
43.900	19.507	0.239
43.910	19.405	0.239
43.920	19.316	0.239
43.930	19.252	0.239
43.940	19.167	0.239
43.950	19.100	0.239
43.960	19.019	0.239
43.970	18.960	0.239
43.980	18.901	0.239
43.990	18.864	0.239
44.000	18.831	0.239
44.010	18.793	0.239
44.020	18.777	0.239
44.030	18.757	0.239
44.040	18.757	0.239
44.050	18.754	0.239
44.060	18.773	0.239
44.070	18.804	0.239
44.080	18.827	0.239
44.090	18.871	0.239
44.100	18.911	0.239
44.110	18.972	0.239
44.120	19.029	0.239
44.130	19.108	0.239
44.140	19.186	0.239
44.150	19.261	0.239
44.160	19.356	0.239
44.170	19.443	0.239
44.180	19.543	0.239
44.190	19.644	0.239
44.200	19.739	0.239
44.210	19.839	0.239
44.220	19.922	0.239
44.230	20.035	0.239
44.240	20.127	0.239
44.250	20.235	0.239
44.260	20.336	0.239
44.270	20.422	0.239
44.280	20.518	0.239
44.290	20.601	0.239
44.300	20.688	0.239
44.310	20.754	0.239
44.320	20.828	0.239
44.330	20.898	0.239
44.340	20.947	0.239
44.350	20.999	0.239
44.360	21.026	0.239
44.370	21.062	0.239
44.380	21.076	0.239
44.390	21.095	0.239
44.400	21.104	0.239
44.410	21.088	0.239
44.420	21.081	0.239
44.430	21.052	0.239
44.440	21.027	0.239
44.450	20.994	0.239
44.460	20.939	0.239
44.470	20.893	0.239
44.480	20.817	0.239
44.490	20.754	0.239
44.500	20.673	0.239
44.510	20.597	0.239
44.520	20.512	0.239
44.530	20.410	0.239
44.540	20.329	0.239
44.550	20.223	0.239
44.560	20.125	0.239
44.570	20.019	0.239
44.580	19.921	0.239
44.590	19.819	0.239
44.600	19.709	0.239
44.610	19.620	0.239
44.620	19.517	0.239
44.630	19.428	0.239
44.640	19.326	0.239
44.650	19.241	0.239
44.660	19.161	0.239
44.670	19.080	0.239
44.680	19.017	0.239
44.690	18.945	0.239
44.700	18.895	0.239
44.710	18.844	0.239
44.720	18.811	0.239
44.730	18.786	0.239
44.740	18.753	0.239
44.750	18.746	0.239
44.760	18.734	0.239
44.770	18.739	0.239
44.780	18.762	0.239
44.790	18.776	0.239
44.800	18.807	0.239
44.810	18.839	0.239
44.820	18.887	0.239
44.830	18.935	0.239
44.840	19.006	0.239
44.850	19.084	0.239
44.860	19.150	0.239
44.870	19.237	0.239
44.880	19.320	0.239
44.890	19.420	0.239
44.900	19.507	0.239
44.910	19.607	0.239
44.920	19.707	0.239
44.930	19.807	0.239
44.940	19.916	0.239
44.950	20.016	0.239
44.960	20.120	0.239
44.970	20.216	0.239
44.980	20.321	0.239
44.990	20.416	0.239
45.000	20.503	0.239
45.010	20.603	0.239
45.020	20.673	0.239
45.030	20.756	0.239
45.040	20.835	0.239
45.050	20.892	0.239
45.060	20.953	0.239
45.070	20.993	0.239
45.080	21.037	0.239
45.090	21.064	0.239
45.100	21.095	0.239
45.110	21.114	0.239
45.120	21.110	0.239
45.130	21.116	0.239
45.140	21.096	0.239
45.150	21.084	0.239
45.160	21.046	0.239
45.170	21.013	0.239
45.180	20.976	0.239
45.190	20.912	0.239
45.200	20.858	0.239
45.210	20.777	0.239
45.220	20.709	0.239
45.230	20.625	0.239
45.240	20.540	0.239
45.250	20.451	0.239
45.260	20.353	0.239
45.270	20.285	0.239
45.280	20.175	0.239
45.290	20.077	0.239
45.300	19.970	0.239
45.310	19.869	0.239
45.320	19.771	0.239
45.330	19.665	0.239
45.340	19.571	0.239
45.350	19.469	0.239
45.360	19.380	0.239
45.370	19.295	0.239
45.380	19.202	0.239
45.390	19.130	0.239
45.400	19.049	0.239
45.410	18.990	0.239
45.420	18.923	0.239
45.430	18.881	0.239
45.440	18.843	0.239
45.450	18.801	0.239
45.460	18.781	0.239
45.470	18.757	0.239
45.480	18.757	0.239
45.490	18.750	0.239
45.500	18.764	0.239
45.510	18.791	0.239
45.520	18.805	0.239
45.530	18.849	0.239
45.540	18.881	0.239
45.550	18.933	0.239
45.560	18.969	0.239
45.570	19.039	0.239
45.580	19.117	0.239
45.590	19.183	0.239
45.600	19.279	0.239
45.610	19.362	0.239
45.620	19.462	0.239
45.630	19.562	0.239
45.640	19.649	0.239
45.650	19.758	0.239
45.660	19.849	0.239
45.670	19.962	0.239
45.680	20.058	0.239
45.690	20.162	0.239
45.700	20.267	0.239
45.710	20.354	0.239
45.720	20.450	0.239
45.730	20.532	0.239
45.740	20.624	0.239
45.750	20.698	0.239
45.760	20.772	0.239
45.770	20.846	0.239
45.780	20.899	0.239
45.790	20.952	0.239
45.800	20.992	0.239
45.810	21.032	0.239
45.820	21.050	0.239
45.830	21.073	0.239
45.840	21.087	0.239
45.850	21.084	0.239
45.860	21.081	0.239
45.870	21.056	0.239
45.880	21.036	0.239
45.890	21.011	0.239
45.900	20.961	0.239
45.910	20.919	0.239
45.920	20.851	0.239
45.930	20.788	0.239
45.940	20.712	0.239
45.950	20.644	0.239
45.960	20.563	0.239
45.970	20.466	0.239
45.980	20.381	0.239
45.990	20.283	0.239
46.000	20.185	0.239
46.010	20.079	0.239
46.020	19.986	0.239
46.030	19.884	0.239
46.040	19.773	0.239
46.050	19.680	0.239
46.060	19.573	0.239
46.070	19.484	0.239
46.080	19.387	0.239
46.090	19.302	0.239
46.100	19.217	0.239
46.110	19.132	0.239
46.120	19.073	0.239
46.130	19.014	0.239
46.140	18.959	0.239
46.150	18.900	0.239
46.160	18.867	0.239
46.170	18.838	0.239
46.180	18.800	0.239
46.190	18.789	0.239
46.200	18.769	0.239
46.210	18.774	0.239
46.220	18.784	0.239
46.230	18.794	0.239
46.240	18.825	0.239
46.250	18.847	0.239
46.260	18.892	0.239
46.270	18.931	0.239
46.280	18.993	0.239
46.290	19.063	0.239
46.300	19.129	0.239
46.310	19.207	0.239
46.320	19.285	0.239
46.330	19.381	0.239
46.340	19.464	0.239
46.350	19.564	0.239
46.360	19.664	0.239
46.370	19.751	0.239
46.380	19.860	0.239
46.390	19.960	0.239
46.400	20.047	0.239
46.410	20.134	0.239
46.420	20.239	0.239
46.430	20.339	0.239
46.440	20.422	0.239
46.450	20.517	0.239
46.460	20.600	0.239
46.470	20.683	0.239
46.480	20.757	0.239
46.490	20.819	0.239
46.500	20.884	0.239
46.510	20.933	0.239
46.520	20.981	0.239
46.530	21.008	0.239
46.540	21.044	0.239
46.550	21.071	0.239
46.560	21.072	0.239
46.570	21.082	0.239
46.580	21.066	0.239
46.590	21.054	0.239
46.600	21.025	0.239
46.610	21.000	0.239
46.620	20.963	0.239
46.630	20.908	0.239
46.640	20.858	0.239
46.650	20.781	0.239
46.660	20.718	0.239
46.670	20.637	0.239
46.680	20.561	0.239
46.690	20.477	0.239
46.700	20.379	0.239
46.710	20.290	0.239
46.720	20.188	0.239
46.730	20.094	0.239
46.740	19.984	0.239
46.750	19.886	0.239
46.760	19.788	0.239
46.770	19.678	0.239
46.780	19.588	0.239
46.790	19.486	0.239
46.800	19.402	0.239
46.810	19.313	0.239
46.820	19.215	0.239
46.830	19.143	0.239
46.840	19.067	0.239
46.850	18.999	0.239
46.860	18.931	0.239
46.870	18.885	0.239
46.880	18.843	0.239
46.890	18.801	0.239
46.900	18.777	0.239
46.910	18.748	0.239
46.920	18.745	0.239
46.930	18.733	0.239
46.940	18.747	0.239
46.950	18.766	0.239
46.960	18.779	0.239
46.970	18.815	0.239
46.980	18.846	0.239
46.990	18.895	0.239
47.000	18.943	0.239
47.010	19.018	0.239
47.020	19.096	0.239
47.030	19.157	0.239
47.040	19.240	0.239
47.050	19.328	0.239
47.060	19.427	0.239
47.070	19.528	0.239
47.080	19.611	0.239
47.090	19.715	0.239
47.100	19.811	0.239
47.110	19.919	0.239
47.120	20.015	0.239
47.130	20.119	0.239
47.140	20.228	0.239
47.150	20.315	0.239
47.160	20.411	0.239
47.170	20.494	0.239
47.180	20.590	0.239
47.190	20.664	0.239
47.200	20.742	0.239
47.210	20.817	0.239
47.220	20.873	0.239
47.230	20.935	0.239
47.240	20.975	0.239
47.250	21.015	0.239
47.260	21.042	0.239
47.270	21.069	0.239
47.280	21.087	0.239
47.290	21.084	0.239
47.300	21.089	0.239
47.310	21.069	0.239
47.320	21.053	0.239
47.330	21.015	0.239
47.340	20.987	0.239
47.350	20.945	0.239
47.360	20.886	0.239
47.370	20.827	0.239
47.380	20.751	0.239
47.390	20.687	0.239
47.400	20.615	0.239
47.410	20.517	0.239
47.420	20.428	0.239
47.430	20.330	0.239
47.440	20.246	0.239
47.450	20.139	0.239
47.460	20.042	0.239
47.470	19.944	0.239
47.480	19.829	0.239
47.490	19.736	0.239
47.500	19.630	0.239
47.510	19.540	0.239
47.520	19.464	0.239
47.530	19.379	0.239
47.540	19.295	0.239
47.550	19.205	0.239
47.560	19.138	0.239
47.570	19.061	0.239
47.580	18.998	0.239
47.590	18.935	0.239
47.600	18.893	0.239
47.610	18.864	0.239
47.620	18.822	0.239
47.630	18.802	0.239
47.640	18.782	0.239
47.650	18.779	0.239
47.660	18.784	0.239
47.670	18.789	0.239
47.680	18.812	0.239
47.690	18.834	0.239
47.700	18.874	0.239
47.710	18.910	0.239
47.720	18.967	0.239
47.730	19.033	0.239
47.740	19.094	0.239
47.750	19.169	0.239
47.760	19.238	0.239
47.770	19.330	0.239
47.780	19.413	0.239
47.790	19.504	0.239
47.800	19.583	0.239
47.810	19.674	0.239
47.820	19.778	0.239
47.830	19.870	0.239
47.840	19.979	0.239
47.850	20.074	0.239
47.860	20.179	0.239
47.870	20.279	0.239
47.880	20.366	0.239
47.890	20.457	0.239
47.900	20.536	0.239
47.910	20.623	0.239
47.920	20.693	0.239
47.930	20.767	0.239
47.940	20.837	0.239
47.950	20.886	0.239
47.960	20.938	0.239
47.970	20.974	0.239
47.980	21.014	0.239
47.990	21.041	0.239
48.000	21.046	0.239
48.010	21.061	0.239
48.020	21.053	0.239
48.030	21.050	0.239
48.040	21.021	0.239
48.050	21.000	0.239
48.060	20.972	0.239
48.070	20.926	0.239
48.080	20.880	0.239
48.090	20.812	0.239
48.100	20.748	0.239
48.110	20.672	0.239
48.120	20.605	0.239
48.130	20.524	0.239
48.140	20.426	0.239
48.150	20.350	0.239
48.160	20.248	0.239
48.170	20.159	0.239
48.180	20.053	0.239
48.190	19.959	0.239
48.200	19.857	0.239
48.210	19.755	0.239
48.220	19.662	0.239
48.230	19.564	0.239
48.240	19.479	0.239
48.250	19.394	0.239
48.260	19.297	0.239
48.270	19.216	0.239
48.280	19.135	0.239
48.290	19.072	0.239
48.300	19.000	0.239
48.310	18.946	0.239
48.320	18.904	0.239
48.330	18.858	0.239
48.340	18.829	0.239
48.350	18.800	0.239
48.360	18.788	0.239
48.370	18.772	0.239
48.380	18.778	0.239
48.390	18.791	0.239
48.400	18.801	0.239
48.410	18.837	0.239
48.420	18.859	0.239
48.430	18.904	0.239
48.440	18.948	0.239
48.450	19.013	0.239
48.460	19.088	0.239
48.470	19.145	0.239
48.480	19.228	0.239
48.490	19.306	0.239
48.500	19.402	0.239
48.510	19.485	0.239
48.520	19.585	0.239
48.530	19.681	0.239
48.540	19.772	0.239
48.550	19.881	0.239
48.560	19.977	0.239
48.570	20.081	0.239
48.580	20.185	0.239
48.590	20.277	0.239
48.600	20.373	0.239
48.610	20.451	0.239
48.620	20.547	0.239
48.630	20.625	0.239
48.640	20.708	0.239
48.650	20.782	0.239
48.660	20.844	0.239
48.670	20.905	0.239
48.680	20.949	0.239
48.690	20.993	0.239
48.700	21.021	0.239
48.710	21.052	0.239
48.720	21.074	0.239
48.730	21.076	0.239
48.740	21.085	0.239
48.750	21.065	0.239
48.760	21.058	0.239
48.770	21.024	0.239
48.780	20.995	0.239
48.790	20.962	0.239
48.800	20.903	0.239
48.810	20.853	0.239
48.820	20.776	0.239
48.830	20.713	0.239
48.840	20.646	0.239
48.850	20.552	0.239
48.860	20.467	0.239
48.870	20.370	0.239
48.880	20.285	0.239
48.890	20.179	0.239
48.900	20.085	0.239
48.910	19.992	0.239
48.920	19.898	0.239
48.930	19.809	0.239
48.940	19.703	0.239
48.950	19.614	0.239
48.960	19.516	0.239
48.970	19.427	0.239
48.980	19.346	0.239
48.990	19.249	0.239
49.000	19.177	0.239
49.010	19.100	0.239
49.020	19.041	0.239
49.030	18.969	0.239