Motion Sensor Data File Thu, Oct 07, 2021 10:31 AM
Time (s)	Distance (cm)	Dist Error (cm)
0.490	20.688	0.239
0.500	20.762	0.239
0.510	20.819	0.239
0.520	20.889	0.239
0.530	20.955	0.239
0.540	21.012	0.239
0.550	21.073	0.239
0.560	21.126	0.239
0.570	21.183	0.239
0.580	21.223	0.239
0.590	21.271	0.239
0.600	21.316	0.239
0.610	21.343	0.239
0.620	21.378	0.239
0.630	21.392	0.239
0.640	21.419	0.239
0.650	21.420	0.239
0.660	21.435	0.239
0.670	21.440	0.239
0.680	21.428	0.239
0.690	21.421	0.239
0.700	21.396	0.239
0.710	21.376	0.239
0.720	21.343	0.239
0.730	21.314	0.239
0.740	21.281	0.239
0.750	21.230	0.239
0.760	21.189	0.239
0.770	21.129	0.239
0.780	21.079	0.239
0.790	21.016	0.239
0.800	20.961	0.239
0.810	20.902	0.239
0.820	20.830	0.239
0.830	20.771	0.239
0.840	20.699	0.239
0.850	20.640	0.239
0.860	20.569	0.239
0.870	20.509	0.239
0.880	20.455	0.239
0.890	20.387	0.239
0.900	20.333	0.239
0.910	20.274	0.239
0.920	20.227	0.239
0.930	20.185	0.239
0.940	20.139	0.239
0.950	20.106	0.239
0.960	20.069	0.239
0.970	20.044	0.239
0.980	20.015	0.239
0.990	20.008	0.239
1.000	20.001	0.239
1.010	19.993	0.239
1.020	19.998	0.239
1.030	20.000	0.239
1.040	20.018	0.239
1.050	20.028	0.239
1.060	20.059	0.239
1.070	20.095	0.239
1.080	20.126	0.239
1.090	20.170	0.239
1.100	20.206	0.239
1.110	20.263	0.239
1.120	20.307	0.239
1.130	20.369	0.239
1.140	20.434	0.239
1.150	20.487	0.239
1.160	20.553	0.239
1.170	20.610	0.239
1.180	20.684	0.239
1.190	20.741	0.239
1.200	20.811	0.239
1.210	20.881	0.239
1.220	20.934	0.239
1.230	21.004	0.239
1.240	21.052	0.239
1.250	21.114	0.239
1.260	21.162	0.239
1.270	21.215	0.239
1.280	21.264	0.239
1.290	21.295	0.239
1.300	21.339	0.239
1.310	21.362	0.239
1.320	21.393	0.239
1.330	21.403	0.239
1.340	21.421	0.239
1.350	21.435	0.239
1.360	21.432	0.239
1.370	21.433	0.239
1.380	21.413	0.239
1.390	21.402	0.239
1.400	21.373	0.239
1.410	21.352	0.239
1.420	21.328	0.239
1.430	21.282	0.239
1.440	21.244	0.239
1.450	21.190	0.239
1.460	21.147	0.239
1.470	21.084	0.239
1.480	21.034	0.239
1.490	20.979	0.239
1.500	20.907	0.239
1.510	20.848	0.239
1.520	20.776	0.239
1.530	20.717	0.239
1.540	20.658	0.239
1.550	20.587	0.239
1.560	20.527	0.239
1.570	20.456	0.239
1.580	20.401	0.239
1.590	20.338	0.239
1.600	20.287	0.239
1.610	20.241	0.239
1.620	20.186	0.239
1.630	20.149	0.239
1.640	20.103	0.239
1.650	20.074	0.239
1.660	20.036	0.239
1.670	20.016	0.239
1.680	20.004	0.239
1.690	19.989	0.239
1.700	19.986	0.239
1.710	19.978	0.239
1.720	19.992	0.239
1.730	19.998	0.239
1.740	20.020	0.239
1.750	20.047	0.239
1.760	20.070	0.239
1.770	20.110	0.239
1.780	20.141	0.239
1.790	20.190	0.239
1.800	20.229	0.239
1.810	20.287	0.239
1.820	20.348	0.239
1.830	20.397	0.239
1.840	20.466	0.239
1.850	20.519	0.239
1.860	20.589	0.239
1.870	20.646	0.239
1.880	20.716	0.239
1.890	20.791	0.239
1.900	20.848	0.239
1.910	20.913	0.239
1.920	20.970	0.239
1.930	21.036	0.239
1.940	21.085	0.239
1.950	21.146	0.239
1.960	21.203	0.239
1.970	21.239	0.239
1.980	21.287	0.239
1.990	21.319	0.239
2.000	21.354	0.239
2.010	21.372	0.239
2.020	21.399	0.239
2.030	21.422	0.239
2.040	21.423	0.239
2.050	21.433	0.239
2.060	21.426	0.239
2.070	21.423	0.239
2.080	21.398	0.239
2.090	21.386	0.239
2.100	21.366	0.239
2.110	21.328	0.239
2.120	21.300	0.239
2.130	21.249	0.239
2.140	21.212	0.239
2.150	21.165	0.239
2.160	21.107	0.239
2.170	21.056	0.239
2.180	20.989	0.239
2.190	20.934	0.239
2.200	20.862	0.239
2.210	20.803	0.239
2.220	20.744	0.239
2.230	20.672	0.239
2.240	20.613	0.239
2.250	20.541	0.239
2.260	20.482	0.239
2.270	20.415	0.239
2.280	20.360	0.239
2.290	20.310	0.239
2.300	20.250	0.239
2.310	20.204	0.239
2.320	20.154	0.239
2.330	20.121	0.239
2.340	20.075	0.239
2.350	20.050	0.239
2.360	20.030	0.239
2.370	20.005	0.239
2.380	19.998	0.239
2.390	19.982	0.239
2.400	19.983	0.239
2.410	19.980	0.239
2.420	19.998	0.239
2.430	20.017	0.239
2.440	20.031	0.239
2.450	20.062	0.239
2.460	20.089	0.239
2.470	20.129	0.239
2.480	20.165	0.239
2.490	20.217	0.239
2.500	20.270	0.239
2.510	20.319	0.239
2.520	20.380	0.239
2.530	20.433	0.239
2.540	20.499	0.239
2.550	20.556	0.239
2.560	20.626	0.239
2.570	20.696	0.239
2.580	20.753	0.239
2.590	20.823	0.239
2.600	20.880	0.239
2.610	20.946	0.239
2.620	20.998	0.239
2.630	21.064	0.239
2.640	21.121	0.239
2.650	21.165	0.239
2.660	21.218	0.239
2.670	21.254	0.239
2.680	21.298	0.239
2.690	21.338	0.239
2.700	21.356	0.239
2.710	21.387	0.239
2.720	21.397	0.239
2.730	21.411	0.239
2.740	21.408	0.239
2.750	21.418	0.239
2.760	21.415	0.239
2.770	21.395	0.239
2.780	21.383	0.239
2.790	21.354	0.239
2.800	21.329	0.239
2.810	21.288	0.239
2.820	21.254	0.239
2.830	21.217	0.239
2.840	21.162	0.239
2.850	21.116	0.239
2.860	21.053	0.239
2.870	21.002	0.239
2.880	20.935	0.239
2.890	20.880	0.239
2.900	20.821	0.239
2.910	20.749	0.239
2.920	20.690	0.239
2.930	20.618	0.239
2.940	20.560	0.239
2.950	20.487	0.239
2.960	20.433	0.239
2.970	20.378	0.239
2.980	20.315	0.239
2.990	20.265	0.239
3.000	20.210	0.239
3.010	20.168	0.239
3.020	20.122	0.239
3.030	20.089	0.239
3.040	20.064	0.239
3.050	20.031	0.239
3.060	20.015	0.239
3.070	19.995	0.239
3.080	19.992	0.239
3.090	19.980	0.239
3.100	19.989	0.239
3.110	20.004	0.239
3.120	20.009	0.239
3.130	20.036	0.239
3.140	20.054	0.239
3.150	20.090	0.239
3.160	20.117	0.239
3.170	20.166	0.239
3.180	20.214	0.239
3.190	20.258	0.239
3.200	20.315	0.239
3.210	20.364	0.239
3.220	20.430	0.239
3.230	20.482	0.239
3.240	20.552	0.239
3.250	20.622	0.239
3.260	20.680	0.239
3.270	20.749	0.239
3.280	20.806	0.239
3.290	20.877	0.239
3.300	20.947	0.239
3.310	20.999	0.239
3.320	21.065	0.239
3.330	21.113	0.239
3.340	21.171	0.239
3.350	21.211	0.239
3.360	21.259	0.239
3.370	21.303	0.239
3.380	21.334	0.239
3.390	21.370	0.239
3.400	21.384	0.239
3.410	21.411	0.239
3.420	21.417	0.239
3.430	21.426	0.239
3.440	21.436	0.239
3.450	21.424	0.239
3.460	21.417	0.239
3.470	21.397	0.239
3.480	21.377	0.239
3.490	21.343	0.239
3.500	21.314	0.239
3.510	21.285	0.239
3.520	21.235	0.239
3.530	21.193	0.239
3.540	21.134	0.239
3.550	21.088	0.239
3.560	21.021	0.239
3.570	20.966	0.239
3.580	20.911	0.239
3.590	20.840	0.239
3.600	20.780	0.239
3.610	20.704	0.239
3.620	20.645	0.239
3.630	20.573	0.239
3.640	20.514	0.239
3.650	20.459	0.239
3.660	20.388	0.239
3.670	20.337	0.239
3.680	20.274	0.239
3.690	20.228	0.239
3.700	20.173	0.239
3.710	20.136	0.239
3.720	20.102	0.239
3.730	20.061	0.239
3.740	20.041	0.239
3.750	20.007	0.239
3.760	19.995	0.239
3.770	19.980	0.239
3.780	19.977	0.239
3.790	19.982	0.239
3.800	19.983	0.239
3.810	20.001	0.239
3.820	20.011	0.239
3.830	20.038	0.239
3.840	20.061	0.239
3.850	20.101	0.239
3.860	20.145	0.239
3.870	20.181	0.239
3.880	20.238	0.239
3.890	20.282	0.239
3.900	20.339	0.239
3.910	20.405	0.239
3.920	20.458	0.239
3.930	20.527	0.239
3.940	20.585	0.239
3.950	20.655	0.239
3.960	20.712	0.239
3.970	20.781	0.239
3.980	20.852	0.239
3.990	20.909	0.239
4.000	20.975	0.239
4.010	21.027	0.239
4.020	21.093	0.239
4.030	21.137	0.239
4.040	21.194	0.239
4.050	21.243	0.239
4.060	21.278	0.239
4.070	21.322	0.239
4.080	21.345	0.239
4.090	21.377	0.239
4.100	21.390	0.239
4.110	21.413	0.239
4.120	21.427	0.239
4.130	21.424	0.239
4.140	21.430	0.239
4.150	21.414	0.239
4.160	21.406	0.239
4.170	21.377	0.239
4.180	21.357	0.239
4.190	21.333	0.239
4.200	21.291	0.239
4.210	21.257	0.239
4.220	21.203	0.239
4.230	21.161	0.239
4.240	21.102	0.239
4.250	21.052	0.239
4.260	20.997	0.239
4.270	20.929	0.239
4.280	20.870	0.239
4.290	20.799	0.239
4.300	20.739	0.239
4.310	20.668	0.239
4.320	20.609	0.239
4.330	20.550	0.239
4.340	20.482	0.239
4.350	20.427	0.239
4.360	20.360	0.239
4.370	20.309	0.239
4.380	20.250	0.239
4.390	20.209	0.239
4.400	20.171	0.239
4.410	20.125	0.239
4.420	20.096	0.239
4.430	20.059	0.239
4.440	20.038	0.239
4.450	20.013	0.239
4.460	20.006	0.239
4.470	20.003	0.239
4.480	19.992	0.239
4.490	20.001	0.239
4.500	20.007	0.239
4.510	20.029	0.239
4.520	20.056	0.239
4.530	20.075	0.239
4.540	20.110	0.239
4.550	20.142	0.239
4.560	20.190	0.239
4.570	20.230	0.239
4.580	20.283	0.239
4.590	20.344	0.239
4.600	20.393	0.239
4.610	20.459	0.239
4.620	20.511	0.239
4.630	20.581	0.239
4.640	20.638	0.239
4.650	20.708	0.239
4.660	20.778	0.239
4.670	20.835	0.239
4.680	20.901	0.239
4.690	20.958	0.239
4.700	21.024	0.239
4.710	21.072	0.239
4.720	21.134	0.239
4.730	21.187	0.239
4.740	21.227	0.239
4.750	21.275	0.239
4.760	21.306	0.239
4.770	21.342	0.239
4.780	21.365	0.239
4.790	21.392	0.239
4.800	21.414	0.239
4.810	21.420	0.239
4.820	21.429	0.239
4.830	21.422	0.239
4.840	21.419	0.239
4.850	21.399	0.239
4.860	21.387	0.239
4.870	21.367	0.239
4.880	21.334	0.239
4.890	21.305	0.239
4.900	21.254	0.239
4.910	21.217	0.239
4.920	21.162	0.239
4.930	21.116	0.239
4.940	21.066	0.239
4.950	21.002	0.239
4.960	20.947	0.239
4.970	20.876	0.239
4.980	20.817	0.239
4.990	20.745	0.239
5.000	20.686	0.239
5.010	20.627	0.239
5.020	20.555	0.239
5.030	20.500	0.239
5.040	20.428	0.239
5.050	20.378	0.239
5.060	20.310	0.239
5.070	20.264	0.239
5.080	20.222	0.239
5.090	20.168	0.239
5.100	20.130	0.239
5.110	20.088	0.239
5.120	20.064	0.239
5.130	20.044	0.239
5.140	20.015	0.239
5.150	20.003	0.239
5.160	19.991	0.239
5.170	19.992	0.239
5.180	19.985	0.239
5.190	19.999	0.239
5.200	20.022	0.239
5.210	20.032	0.239
5.220	20.063	0.239
5.230	20.090	0.239
5.240	20.130	0.239
5.250	20.165	0.239
5.260	20.214	0.239
5.270	20.271	0.239
5.280	20.315	0.239
5.290	20.376	0.239
5.300	20.429	0.239
5.310	20.495	0.239
5.320	20.552	0.239
5.330	20.622	0.239
5.340	20.692	0.239
5.350	20.749	0.239
5.360	20.819	0.239
5.370	20.876	0.239
5.380	20.946	0.239
5.390	20.999	0.239
5.400	21.065	0.239
5.410	21.126	0.239
5.420	21.170	0.239
5.430	21.223	0.239
5.440	21.259	0.239
5.450	21.303	0.239
5.460	21.330	0.239
5.470	21.365	0.239
5.480	21.397	0.239
5.490	21.407	0.239
5.500	21.425	0.239
5.510	21.426	0.239
5.520	21.432	0.239
5.530	21.420	0.239
5.540	21.417	0.239
5.550	21.405	0.239
5.560	21.376	0.239
5.570	21.356	0.239
5.580	21.314	0.239
5.590	21.285	0.239
5.600	21.235	0.239
5.610	21.193	0.239
5.620	21.147	0.239
5.630	21.088	0.239
5.640	21.038	0.239
5.650	20.970	0.239
5.660	20.911	0.239
5.670	20.843	0.239
5.680	20.784	0.239
5.690	20.726	0.239
5.700	20.653	0.239
5.710	20.594	0.239
5.720	20.523	0.239
5.730	20.464	0.239
5.740	20.413	0.239
5.750	20.345	0.239
5.760	20.299	0.239
5.770	20.241	0.239
5.780	20.199	0.239
5.790	20.149	0.239
5.800	20.115	0.239
5.810	20.086	0.239
5.820	20.053	0.239
5.830	20.037	0.239
5.840	20.013	0.239
5.850	20.005	0.239
5.860	19.993	0.239
5.870	19.999	0.239
5.880	20.013	0.239
5.890	20.014	0.239
5.900	20.041	0.239
5.910	20.055	0.239
5.920	20.091	0.239
5.930	20.118	0.239
5.940	20.162	0.239
5.950	20.210	0.239
5.960	20.250	0.239
5.970	20.308	0.239
5.980	20.352	0.239
5.990	20.417	0.239
6.000	20.470	0.239
6.010	20.536	0.239
6.020	20.606	0.239
6.030	20.658	0.239
6.040	20.733	0.239
6.050	20.786	0.239
6.060	20.856	0.239
6.070	20.913	0.239
6.080	20.978	0.239
6.090	21.044	0.239
6.100	21.093	0.239
6.110	21.150	0.239
6.120	21.190	0.239
6.130	21.242	0.239
6.140	21.274	0.239
6.150	21.318	0.239
6.160	21.354	0.239
6.170	21.372	0.239
6.180	21.395	0.239
6.190	21.405	0.239
6.200	21.419	0.239
6.210	21.415	0.239
6.220	21.417	0.239
6.230	21.414	0.239
6.240	21.389	0.239
6.250	21.377	0.239
6.260	21.344	0.239
6.270	21.319	0.239
6.280	21.278	0.239
6.290	21.240	0.239
6.300	21.203	0.239
6.310	21.144	0.239
6.320	21.098	0.239
6.330	21.034	0.239
6.340	20.980	0.239
6.350	20.925	0.239
6.360	20.857	0.239
6.370	20.798	0.239
6.380	20.726	0.239
6.390	20.668	0.239
6.400	20.596	0.239
6.410	20.536	0.239
6.420	20.482	0.239
6.430	20.414	0.239
6.440	20.360	0.239
6.450	20.301	0.239
6.460	20.250	0.239
6.470	20.195	0.239
6.480	20.158	0.239
6.490	20.125	0.239
6.500	20.083	0.239
6.510	20.058	0.239
6.520	20.029	0.239
6.530	20.013	0.239
6.540	19.993	0.239
6.550	19.995	0.239
6.560	20.000	0.239
6.570	19.997	0.239
6.580	20.011	0.239
6.590	20.021	0.239
6.600	20.048	0.239
6.610	20.070	0.239
6.620	20.106	0.239
6.630	20.150	0.239
6.640	20.186	0.239
6.650	20.238	0.239
6.660	20.283	0.239
6.670	20.340	0.239
6.680	20.393	0.239
6.690	20.458	0.239
6.700	20.524	0.239
6.710	20.581	0.239
6.720	20.651	0.239
6.730	20.708	0.239
6.740	20.778	0.239
6.750	20.835	0.239
6.760	20.901	0.239
6.770	20.971	0.239
6.780	21.024	0.239
6.790	21.085	0.239
6.800	21.134	0.239
6.810	21.187	0.239
6.820	21.227	0.239
6.830	21.275	0.239
6.840	21.319	0.239
6.850	21.342	0.239
6.860	21.377	0.239
6.870	21.391	0.239
6.880	21.410	0.239
6.890	21.415	0.239
6.900	21.425	0.239
6.910	21.431	0.239
6.920	21.414	0.239
6.930	21.407	0.239
6.940	21.383	0.239
6.950	21.362	0.239
6.960	21.338	0.239
6.970	21.296	0.239
6.980	21.263	0.239
6.990	21.212	0.239
7.000	21.171	0.239
7.010	21.112	0.239
7.020	21.061	0.239
7.030	21.006	0.239
7.040	20.939	0.239
7.050	20.884	0.239
7.060	20.812	0.239
7.070	20.753	0.239
7.080	20.681	0.239
7.090	20.622	0.239
7.100	20.563	0.239
7.110	20.492	0.239
7.120	20.437	0.239
7.130	20.373	0.239
7.140	20.323	0.239
7.150	20.260	0.239
7.160	20.218	0.239
7.170	20.176	0.239
7.180	20.130	0.239
7.190	20.097	0.239
7.200	20.059	0.239
7.210	20.039	0.239
7.220	20.010	0.239
7.230	20.003	0.239
7.240	20.000	0.239
7.250	19.988	0.239
7.260	19.998	0.239
7.270	19.999	0.239
7.280	20.017	0.239
7.290	20.032	0.239
7.300	20.063	0.239
7.310	20.098	0.239
7.320	20.125	0.239
7.330	20.174	0.239
7.340	20.210	0.239
7.350	20.267	0.239
7.360	20.311	0.239
7.370	20.372	0.239
7.380	20.438	0.239
7.390	20.491	0.239
7.400	20.560	0.239
7.410	20.613	0.239
7.420	20.683	0.239
7.430	20.745	0.239
7.440	20.815	0.239
7.450	20.880	0.239
7.460	20.938	0.239
7.470	21.003	0.239
7.480	21.052	0.239
7.490	21.113	0.239
7.500	21.157	0.239
7.510	21.210	0.239
7.520	21.263	0.239
7.530	21.294	0.239
7.540	21.334	0.239
7.550	21.353	0.239
7.560	21.384	0.239
7.570	21.411	0.239
7.580	21.412	0.239
7.590	21.426	0.239
7.600	21.419	0.239
7.610	21.420	0.239
7.620	21.404	0.239
7.630	21.392	0.239
7.640	21.376	0.239
7.650	21.343	0.239
7.660	21.314	0.239
7.670	21.268	0.239
7.680	21.235	0.239
7.690	21.180	0.239
7.700	21.134	0.239
7.710	21.088	0.239
7.720	21.025	0.239
7.730	20.970	0.239
7.740	20.902	0.239
7.750	20.843	0.239
7.760	20.772	0.239
7.770	20.713	0.239
7.780	20.653	0.239
7.790	20.586	0.239
7.800	20.527	0.239
7.810	20.459	0.239
7.820	20.405	0.239
7.830	20.341	0.239
7.840	20.295	0.239
7.850	20.249	0.239
7.860	20.195	0.239
7.870	20.161	0.239
7.880	20.115	0.239
7.890	20.086	0.239
7.900	20.053	0.239
7.910	20.037	0.239
7.920	20.026	0.239
7.930	20.009	0.239
7.940	20.006	0.239
7.950	20.003	0.239
7.960	20.013	0.239
7.970	20.019	0.239
7.980	20.045	0.239
7.990	20.072	0.239
8.000	20.095	0.239
8.010	20.135	0.239
8.020	20.166	0.239
8.030	20.215	0.239
8.040	20.255	0.239
8.050	20.312	0.239
8.060	20.373	0.239
8.070	20.422	0.239
8.080	20.487	0.239
8.090	20.540	0.239
8.100	20.610	0.239
8.110	20.667	0.239
8.120	20.737	0.239
8.130	20.807	0.239
8.140	20.864	0.239
8.150	20.930	0.239
8.160	20.983	0.239
8.170	21.044	0.239
8.180	21.106	0.239
8.190	21.154	0.239
8.200	21.207	0.239
8.210	21.242	0.239
8.220	21.287	0.239
8.230	21.318	0.239
8.240	21.353	0.239
8.250	21.380	0.239
8.260	21.395	0.239
8.270	21.413	0.239
8.280	21.414	0.239
8.290	21.424	0.239
8.300	21.412	0.239
8.310	21.409	0.239
8.320	21.398	0.239
8.330	21.369	0.239
8.340	21.348	0.239
8.350	21.311	0.239
8.360	21.278	0.239
8.370	21.232	0.239
8.380	21.190	0.239
8.390	21.148	0.239
8.400	21.085	0.239
8.410	21.034	0.239
8.420	20.967	0.239
8.430	20.912	0.239
8.440	20.844	0.239
8.450	20.785	0.239
8.460	20.726	0.239
8.470	20.655	0.239
8.480	20.596	0.239
8.490	20.523	0.239
8.500	20.469	0.239
8.510	20.401	0.239
8.520	20.347	0.239
8.530	20.301	0.239
8.540	20.241	0.239
8.550	20.200	0.239
8.560	20.149	0.239
8.570	20.116	0.239
8.580	20.075	0.239
8.590	20.050	0.239
8.600	20.034	0.239
8.610	20.005	0.239
8.620	20.002	0.239
8.630	19.986	0.239
8.640	19.991	0.239
8.650	19.988	0.239
8.660	20.007	0.239
8.670	20.029	0.239
8.680	20.044	0.239
8.690	20.079	0.239
8.700	20.102	0.239
8.710	20.146	0.239
8.720	20.182	0.239
8.730	20.234	0.239
8.740	20.291	0.239
8.750	20.336	0.239
8.760	20.401	0.239
8.770	20.454	0.239
8.780	20.520	0.239
8.790	20.577	0.239
8.800	20.647	0.239
8.810	20.717	0.239
8.820	20.774	0.239
8.830	20.844	0.239
8.840	20.897	0.239
8.850	20.963	0.239
8.860	21.028	0.239
8.870	21.081	0.239
8.880	21.138	0.239
8.890	21.182	0.239
8.900	21.231	0.239
8.910	21.266	0.239
8.920	21.310	0.239
8.930	21.346	0.239
8.940	21.365	0.239
8.950	21.396	0.239
8.960	21.401	0.239
8.970	21.420	0.239
8.980	21.417	0.239
8.990	21.418	0.239
9.000	21.419	0.239
9.010	21.399	0.239
9.020	21.383	0.239
9.030	21.354	0.239
9.040	21.329	0.239
9.050	21.287	0.239
9.060	21.254	0.239
9.070	21.217	0.239
9.080	21.162	0.239
9.090	21.116	0.239
9.100	21.052	0.239
9.110	20.998	0.239
9.120	20.930	0.239
9.130	20.876	0.239
9.140	20.817	0.239
9.150	20.744	0.239
9.160	20.686	0.239
9.170	20.614	0.239
9.180	20.555	0.239
9.190	20.487	0.239
9.200	20.432	0.239
9.210	20.378	0.239
9.220	20.314	0.239
9.230	20.268	0.239
9.240	20.214	0.239
9.250	20.172	0.239
9.260	20.126	0.239
9.270	20.093	0.239
9.280	20.068	0.239
9.290	20.035	0.239
9.300	20.023	0.239
9.310	19.998	0.239
9.320	19.995	0.239
9.330	19.988	0.239
9.340	19.994	0.239
9.350	20.007	0.239
9.360	20.017	0.239
9.370	20.040	0.239
9.380	20.059	0.239
9.390	20.099	0.239
9.400	20.125	0.239
9.410	20.170	0.239
9.420	20.222	0.239
9.430	20.262	0.239
9.440	20.319	0.239
9.450	20.368	0.239
9.460	20.434	0.239
9.470	20.499	0.239
9.480	20.552	0.239
9.490	20.622	0.239
9.500	20.679	0.239
9.510	20.749	0.239
9.520	20.806	0.239
9.530	20.872	0.239
9.540	20.942	0.239
9.550	20.990	0.239
9.560	21.056	0.239
9.570	21.101	0.239
9.580	21.157	0.239
9.590	21.197	0.239
9.600	21.246	0.239
9.610	21.290	0.239
9.620	21.317	0.239
9.630	21.348	0.239
9.640	21.367	0.239
9.650	21.389	0.239
9.660	21.395	0.239
9.670	21.405	0.239
9.680	21.410	0.239
9.690	21.399	0.239
9.700	21.391	0.239
9.710	21.367	0.239
9.720	21.350	0.239
9.730	21.317	0.239
9.740	21.288	0.239
9.750	21.255	0.239
9.760	21.209	0.239
9.770	21.167	0.239
9.780	21.108	0.239
9.790	21.062	0.239
9.800	20.995	0.239
9.810	20.940	0.239
9.820	20.885	0.239
9.830	20.818	0.239
9.840	20.759	0.239
9.850	20.687	0.239
9.860	20.628	0.239
9.870	20.556	0.239
9.880	20.501	0.239
9.890	20.446	0.239
9.900	20.379	0.239
9.910	20.329	0.239
9.920	20.269	0.239
9.930	20.223	0.239
9.940	20.173	0.239
9.950	20.136	0.239
9.960	20.107	0.239
9.970	20.065	0.239
9.980	20.044	0.239
9.990	20.016	0.239
10.000	20.008	0.239
10.010	19.988	0.239
10.020	19.989	0.239
10.030	19.999	0.239
10.040	20.000	0.239
10.050	20.019	0.239
10.060	20.029	0.239
10.070	20.059	0.239
10.080	20.095	0.239
10.090	20.122	0.239
10.100	20.167	0.239
10.110	20.206	0.239
10.120	20.259	0.239
10.130	20.303	0.239
10.140	20.365	0.239
10.150	20.426	0.239
10.160	20.479	0.239
10.170	20.549	0.239
10.180	20.602	0.239
10.190	20.672	0.239
10.200	20.729	0.239
10.210	20.799	0.239
10.220	20.869	0.239
10.230	20.926	0.239
10.240	20.987	0.239
10.250	21.040	0.239
10.260	21.101	0.239