Motion Sensor Data File Thu, Oct 07, 2021 9:39 AM
Time (s)	Distance (cm)	Dist Error (cm)
5.040	17.797	0.239
5.050	17.910	0.239
5.060	18.032	0.239
5.070	18.188	0.239
5.080	18.356	0.239
5.090	18.551	0.239
5.100	18.754	0.239
5.110	18.988	0.239
5.120	19.234	0.239
5.130	19.480	0.239
5.140	19.748	0.239
5.150	20.011	0.239
5.160	20.292	0.239
5.170	20.564	0.239
5.180	20.849	0.239
5.190	21.138	0.239
5.200	21.406	0.239
5.210	21.682	0.239
5.220	21.937	0.239
5.230	22.196	0.239
5.240	22.443	0.239
5.250	22.658	0.239
5.260	22.875	0.239
5.270	23.061	0.239
5.280	23.238	0.239
5.290	23.386	0.239
5.300	23.520	0.239
5.310	23.633	0.239
5.320	23.711	0.239
5.330	23.773	0.239
5.340	23.800	0.239
5.350	23.814	0.239
5.360	23.789	0.239
5.370	23.752	0.239
5.380	23.689	0.239
5.390	23.591	0.239
5.400	23.480	0.239
5.410	23.335	0.239
5.420	23.182	0.239
5.430	22.993	0.239
5.440	22.801	0.239
5.450	22.587	0.239
5.460	22.352	0.239
5.470	22.113	0.239
5.480	21.847	0.239
5.490	21.590	0.239
5.500	21.308	0.239
5.510	21.038	0.239
5.520	20.764	0.239
5.530	20.477	0.239
5.540	20.203	0.239
5.550	19.925	0.239
5.560	19.660	0.239
5.570	19.407	0.239
5.580	19.154	0.239
5.590	18.923	0.239
5.600	18.697	0.239
5.610	18.492	0.239
5.620	18.290	0.239
5.630	18.150	0.239
5.640	18.009	0.239
5.650	17.843	0.239
5.660	17.788	0.239
5.670	17.703	0.239
5.680	17.657	0.239
5.690	17.628	0.239
5.700	17.633	0.239
5.710	17.665	0.239
5.720	17.709	0.239
5.730	17.788	0.239
5.740	17.849	0.239
5.750	18.014	0.239
5.760	18.152	0.239
5.770	18.321	0.239
5.780	18.512	0.239
5.790	18.711	0.239
5.800	18.935	0.239
5.810	19.164	0.239
5.820	19.415	0.239
5.830	19.682	0.239
5.840	19.942	0.239
5.850	20.222	0.239
5.860	20.490	0.239
5.870	20.775	0.239
5.880	21.047	0.239
5.890	21.332	0.239
5.900	21.608	0.239
5.910	21.863	0.239
5.920	22.127	0.239
5.930	22.360	0.239
5.940	22.597	0.239
5.950	22.801	0.239
5.960	23.004	0.239
5.970	23.190	0.239
5.980	23.337	0.239
5.990	23.481	0.239
6.000	23.585	0.239
6.010	23.681	0.239
6.020	23.742	0.239
6.030	23.786	0.239
6.040	23.809	0.239
6.050	23.788	0.239
6.060	23.760	0.239
6.070	23.692	0.239
6.080	23.611	0.239
6.090	23.496	0.239
6.100	23.369	0.239
6.110	23.224	0.239
6.120	23.040	0.239
6.130	22.852	0.239
6.140	22.634	0.239
6.150	22.412	0.239
6.160	22.176	0.239
6.170	21.919	0.239
6.180	21.663	0.239
6.190	21.384	0.239
6.200	21.115	0.239
6.210	20.827	0.239
6.220	20.554	0.239
6.230	20.280	0.239
6.240	20.001	0.239
6.250	19.736	0.239
6.260	19.466	0.239
6.270	19.209	0.239
6.280	18.978	0.239
6.290	18.760	0.239
6.300	18.555	0.239
6.310	18.358	0.239
6.320	18.192	0.239
6.330	18.034	0.239
6.340	17.911	0.239
6.350	17.800	0.239
6.360	17.724	0.239
6.370	17.669	0.239
6.380	17.627	0.239
6.390	17.624	0.239
6.400	17.638	0.239
6.410	17.687	0.239
6.420	17.748	0.239
6.430	17.702	0.239
6.440	17.970	0.239
6.450	18.100	0.239
6.460	18.256	0.239
6.470	18.442	0.239
6.480	18.645	0.239
6.490	18.865	0.239
6.500	19.090	0.239
6.510	19.341	0.239
6.520	19.587	0.239
6.530	19.855	0.239
6.540	20.127	0.239
6.550	20.403	0.239
6.560	20.692	0.239
6.570	20.964	0.239
6.580	21.249	0.239
6.590	21.517	0.239
6.600	21.789	0.239
6.610	22.040	0.239
6.620	22.295	0.239
6.630	22.532	0.239
6.640	22.744	0.239
6.650	22.956	0.239
6.660	23.133	0.239
6.670	23.302	0.239
6.680	23.437	0.239
6.690	23.562	0.239
6.700	23.667	0.239
6.710	23.733	0.239
6.720	23.790	0.239
6.730	23.804	0.239
6.740	23.809	0.239
6.750	23.776	0.239
6.760	23.730	0.239
6.770	23.658	0.239
6.780	23.547	0.239
6.790	23.432	0.239
6.800	23.278	0.239
6.810	23.116	0.239
6.820	22.933	0.239
6.830	22.723	0.239
6.840	22.505	0.239
6.850	22.265	0.239
6.860	22.022	0.239
6.870	21.756	0.239
6.880	21.495	0.239
6.890	21.230	0.239
6.900	20.947	0.239
6.910	20.673	0.239
6.920	20.386	0.239
6.930	20.117	0.239
6.940	19.838	0.239
6.950	19.577	0.239
6.960	19.329	0.239
6.970	19.081	0.239
6.980	18.859	0.239
6.990	18.636	0.239
7.000	18.448	0.239
7.010	18.234	0.239
7.020	18.111	0.239
7.030	17.979	0.239
7.040	17.704	0.239
7.050	17.774	0.239
7.060	17.703	0.239
7.070	17.665	0.239
7.080	17.640	0.239
7.090	17.655	0.239
7.100	17.694	0.239
7.110	17.747	0.239
7.120	17.654	0.239
7.130	17.934	0.239
7.140	18.069	0.239
7.150	18.195	0.239
7.160	18.389	0.239
7.170	18.588	0.239
7.180	18.787	0.239
7.190	19.016	0.239
7.200	19.250	0.239
7.210	19.504	0.239
7.220	19.772	0.239
7.230	20.031	0.239
7.240	20.312	0.239
7.250	20.580	0.239
7.260	20.864	0.239
7.270	21.137	0.239
7.280	21.413	0.239
7.290	21.689	0.239
7.300	21.944	0.239
7.310	22.199	0.239
7.320	22.428	0.239
7.330	22.657	0.239
7.340	22.861	0.239
7.350	23.055	0.239
7.360	23.228	0.239
7.370	23.371	0.239
7.380	23.506	0.239
7.390	23.606	0.239
7.400	23.693	0.239
7.410	23.742	0.239
7.420	23.777	0.239
7.430	23.791	0.239
7.440	23.762	0.239
7.450	23.729	0.239
7.460	23.648	0.239
7.470	23.564	0.239
7.480	23.453	0.239
7.490	23.308	0.239
7.500	23.154	0.239
7.510	22.966	0.239
7.520	22.774	0.239
7.530	22.552	0.239
7.540	22.329	0.239
7.550	22.090	0.239
7.560	21.829	0.239
7.570	21.572	0.239
7.580	21.293	0.239
7.590	21.024	0.239
7.600	20.737	0.239
7.610	20.467	0.239
7.620	20.198	0.239
7.630	19.919	0.239
7.640	19.658	0.239
7.650	19.397	0.239
7.660	19.140	0.239
7.670	18.896	0.239
7.680	18.704	0.239
7.690	18.494	0.239
7.700	18.302	0.239
7.710	18.144	0.239
7.720	18.012	0.239
7.730	17.867	0.239
7.740	17.735	0.239
7.750	17.728	0.239
7.760	17.686	0.239
7.770	17.652	0.239
7.780	17.662	0.239
7.790	17.681	0.239
7.800	17.742	0.239
7.810	17.747	0.239
7.820	17.899	0.239
7.830	18.042	0.239
7.840	18.159	0.239
7.850	18.354	0.239
7.860	18.527	0.239
7.870	18.739	0.239
7.880	18.964	0.239
7.890	19.189	0.239
7.900	19.443	0.239
7.910	19.694	0.239
7.920	19.966	0.239
7.930	20.229	0.239
7.940	20.510	0.239
7.950	20.795	0.239
7.960	21.067	0.239
7.970	21.348	0.239
7.980	21.611	0.239
7.990	21.879	0.239
8.000	22.125	0.239
8.010	22.371	0.239
8.020	22.605	0.239
8.030	22.808	0.239
8.040	23.011	0.239
8.050	23.180	0.239
8.060	23.340	0.239
8.070	23.470	0.239
8.080	23.588	0.239
8.090	23.684	0.239
8.100	23.740	0.239
8.110	23.785	0.239
8.120	23.794	0.239
8.130	23.791	0.239
8.140	23.762	0.239
8.150	23.695	0.239
8.160	23.614	0.239
8.170	23.499	0.239
8.180	23.371	0.239
8.190	23.214	0.239
8.200	23.047	0.239
8.210	22.859	0.239
8.220	22.641	0.239
8.230	22.423	0.239
8.240	22.175	0.239
8.250	21.931	0.239
8.260	21.661	0.239
8.270	21.400	0.239
8.280	21.130	0.239
8.290	20.848	0.239
8.300	20.574	0.239
8.310	20.291	0.239
8.320	20.021	0.239
8.330	19.747	0.239
8.340	19.491	0.239
8.350	19.225	0.239
8.360	19.003	0.239
8.370	18.789	0.239
8.380	18.545	0.239
8.390	18.379	0.239
8.400	18.135	0.239
8.410	18.063	0.239
8.420	17.939	0.239
8.430	17.635	0.239
8.440	17.753	0.239
8.450	17.685	0.239
8.460	17.660	0.239
8.470	17.657	0.239
8.480	17.667	0.239
8.490	17.711	0.239
8.500	17.755	0.239
8.510	17.765	0.239
8.520	17.977	0.239
8.530	18.120	0.239
8.540	18.280	0.239
8.550	18.458	0.239
8.560	18.661	0.239
8.570	18.868	0.239
8.580	19.102	0.239
8.590	19.335	0.239
8.600	19.594	0.239
8.610	19.866	0.239
8.620	20.125	0.239
8.630	20.406	0.239
8.640	20.678	0.239
8.650	20.959	0.239
8.660	21.227	0.239
8.670	21.507	0.239
8.680	21.779	0.239
8.690	22.025	0.239
8.700	22.276	0.239
8.710	22.505	0.239
8.720	22.730	0.239
8.730	22.933	0.239
8.740	23.110	0.239
8.750	23.279	0.239
8.760	23.418	0.239
8.770	23.544	0.239
8.780	23.631	0.239
8.790	23.709	0.239
8.800	23.767	0.239
8.810	23.781	0.239
8.820	23.786	0.239
8.830	23.753	0.239
8.840	23.707	0.239
8.850	23.622	0.239
8.860	23.529	0.239
8.870	23.409	0.239
8.880	23.260	0.239
8.890	23.098	0.239
8.900	22.906	0.239
8.910	22.709	0.239
8.920	22.482	0.239
8.930	22.251	0.239
8.940	22.012	0.239
8.950	21.746	0.239
8.960	21.489	0.239
8.970	21.211	0.239
8.980	20.941	0.239
8.990	20.659	0.239
9.000	20.376	0.239
9.010	20.119	0.239
9.020	19.824	0.239
9.030	19.576	0.239
9.040	19.328	0.239
9.050	19.092	0.239
9.060	18.852	0.239
9.070	18.656	0.239
9.080	18.464	0.239
9.090	18.246	0.239
9.100	18.131	0.239
9.110	17.990	0.239
9.120	17.845	0.239
9.130	17.777	0.239
9.140	17.727	0.239
9.150	17.694	0.239
9.160	17.669	0.239
9.170	17.683	0.239
9.180	17.714	0.239
9.190	17.780	0.239
9.200	17.824	0.239
9.210	17.967	0.239
9.220	18.102	0.239
9.230	18.236	0.239
9.240	18.422	0.239
9.250	18.608	0.239
9.260	18.820	0.239
9.270	19.049	0.239
9.280	19.278	0.239
9.290	19.533	0.239
9.300	19.788	0.239
9.310	20.060	0.239
9.320	20.324	0.239
9.330	20.608	0.239
9.340	20.889	0.239
9.350	21.157	0.239
9.360	21.437	0.239
9.370	21.697	0.239
9.380	21.960	0.239
9.390	22.210	0.239
9.400	22.440	0.239
9.410	22.669	0.239
9.420	22.867	0.239
9.430	23.062	0.239
9.440	23.223	0.239
9.450	23.378	0.239
9.460	23.509	0.239
9.470	23.609	0.239
9.480	23.691	0.239
9.490	23.740	0.239
9.500	23.780	0.239
9.510	23.777	0.239
9.520	23.765	0.239
9.530	23.727	0.239
9.540	23.651	0.239
9.550	23.562	0.239
9.560	23.438	0.239
9.570	23.302	0.239
9.580	23.136	0.239
9.590	22.961	0.239
9.600	22.772	0.239
9.610	22.550	0.239
9.620	22.323	0.239
9.630	22.075	0.239
9.640	21.823	0.239
9.650	21.553	0.239
9.660	21.292	0.239
9.670	21.022	0.239
9.680	20.735	0.239
9.690	20.466	0.239
9.700	20.183	0.239
9.710	19.918	0.239
9.720	19.657	0.239
9.730	19.400	0.239
9.740	19.160	0.239
9.750	18.920	0.239
9.760	18.711	0.239
9.770	18.502	0.239
9.780	18.327	0.239
9.790	18.168	0.239
9.800	18.019	0.239
9.810	17.904	0.239
9.820	17.781	0.239
9.830	17.734	0.239
9.840	17.680	0.239
9.850	17.660	0.239
9.860	17.670	0.239
9.870	17.688	0.239
9.880	17.749	0.239
9.890	17.789	0.239
9.900	17.919	0.239
9.910	18.036	0.239
9.920	18.188	0.239
9.930	18.357	0.239
9.940	18.534	0.239
9.950	18.746	0.239
9.960	18.958	0.239
9.970	19.196	0.239
9.980	19.433	0.239
9.990	19.697	0.239
10.000	19.969	0.239
10.010	20.232	0.239
10.020	20.513	0.239
10.030	20.781	0.239
10.040	21.066	0.239
10.050	21.346	0.239
10.060	21.605	0.239
10.070	21.873	0.239
10.080	22.115	0.239
10.090	22.361	0.239
10.100	22.582	0.239
10.110	22.802	0.239
10.120	23.001	0.239
10.130	23.170	0.239
10.140	23.330	0.239
10.150	23.460	0.239
10.160	23.578	0.239
10.170	23.656	0.239
10.180	23.726	0.239
10.190	23.775	0.239
10.200	23.780	0.239
10.210	23.777	0.239
10.220	23.735	0.239
10.230	23.676	0.239
10.240	23.587	0.239
10.250	23.485	0.239
10.260	23.357	0.239
10.270	23.199	0.239
10.280	23.033	0.239
10.290	22.832	0.239
10.300	22.631	0.239
10.310	22.400	0.239
10.320	22.165	0.239
10.330	21.925	0.239
10.340	21.655	0.239
10.350	21.394	0.239
10.360	21.116	0.239
10.370	20.846	0.239
10.380	20.577	0.239
10.390	20.294	0.239
10.400	20.029	0.239
10.410	19.755	0.239
10.420	19.502	0.239
10.430	19.250	0.239
10.440	19.018	0.239
10.450	18.805	0.239
10.460	18.591	0.239
10.470	18.412	0.239
10.480	18.210	0.239
10.490	18.091	0.239
10.500	17.955	0.239
10.510	17.793	0.239
10.520	17.785	0.239
10.530	17.722	0.239
10.540	17.693	0.239
10.550	17.682	0.239
10.560	17.704	0.239
10.570	17.740	0.239
10.580	17.771	0.239
10.590	17.879	0.239
10.600	18.014	0.239
10.610	18.157	0.239
10.620	18.287	0.239
10.630	18.486	0.239
10.640	18.681	0.239
10.650	18.876	0.239
10.660	19.126	0.239
10.670	19.364	0.239
10.680	19.610	0.239
10.690	19.873	0.239
10.700	20.150	0.239
10.710	20.426	0.239
10.720	20.694	0.239
10.730	20.975	0.239
10.740	21.242	0.239
10.750	21.518	0.239
10.760	21.773	0.239
10.770	22.032	0.239
10.780	22.279	0.239
10.790	22.504	0.239
10.800	22.724	0.239
10.810	22.914	0.239
10.820	23.100	0.239
10.830	23.256	0.239
10.840	23.404	0.239
10.850	23.525	0.239
10.860	23.612	0.239
10.870	23.691	0.239
10.880	23.731	0.239
10.890	23.758	0.239
10.900	23.750	0.239
10.910	23.726	0.239
10.920	23.680	0.239
10.930	23.595	0.239
10.940	23.501	0.239
10.950	23.369	0.239
10.960	23.229	0.239
10.970	23.058	0.239
10.980	22.878	0.239
10.990	22.682	0.239
11.000	22.455	0.239
11.010	22.228	0.239
11.020	21.976	0.239
11.030	21.723	0.239
11.040	21.466	0.239
11.050	21.188	0.239
11.060	20.919	0.239
11.070	20.636	0.239
11.080	20.370	0.239
11.090	20.088	0.239
11.100	19.831	0.239
11.110	19.574	0.239
11.120	19.318	0.239
11.130	19.086	0.239
11.140	18.855	0.239
11.150	18.650	0.239
11.160	18.454	0.239
11.170	18.266	0.239
11.180	18.134	0.239
11.190	17.993	0.239
11.200	17.861	0.239
11.210	17.759	0.239
11.220	17.734	0.239
11.230	17.688	0.239
11.240	17.681	0.239
11.250	17.699	0.239
11.260	17.730	0.239
11.270	17.749	0.239
11.280	17.720	0.239
11.290	17.987	0.239
11.300	18.113	0.239
11.310	18.231	0.239
11.320	18.447	0.239
11.330	18.633	0.239
11.340	18.845	0.239
11.350	19.061	0.239
11.360	19.303	0.239
11.370	19.553	0.239
11.380	19.808	0.239
11.390	20.080	0.239
11.400	20.344	0.239
11.410	20.624	0.239
11.420	20.892	0.239
11.430	21.173	0.239
11.440	21.445	0.239
11.450	21.704	0.239
11.460	21.967	0.239
11.470	22.205	0.239
11.480	22.443	0.239
11.490	22.658	0.239
11.500	22.866	0.239
11.510	23.057	0.239
11.520	23.217	0.239
11.530	23.368	0.239
11.540	23.486	0.239
11.550	23.595	0.239
11.560	23.668	0.239
11.570	23.726	0.239
11.580	23.761	0.239
11.590	23.758	0.239
11.600	23.746	0.239
11.610	23.696	0.239
11.620	23.633	0.239
11.630	23.530	0.239
11.640	23.420	0.239
11.650	23.288	0.239
11.660	23.122	0.239
11.670	22.950	0.239
11.680	22.745	0.239
11.690	22.536	0.239
11.700	22.314	0.239
11.710	22.065	0.239
11.720	21.821	0.239
11.730	21.552	0.239
11.740	21.291	0.239
11.750	21.012	0.239
11.760	20.743	0.239
11.770	20.473	0.239
11.780	20.195	0.239
11.790	19.934	0.239
11.800	19.664	0.239
11.810	19.416	0.239
11.820	19.146	0.239
11.830	18.919	0.239
11.840	18.731	0.239
11.850	18.505	0.239
11.860	18.330	0.239
11.870	18.163	0.239
11.880	18.048	0.239
11.890	17.920	0.239
11.900	17.724	0.239
11.910	17.763	0.239
11.920	17.709	0.239
11.930	17.693	0.239
11.940	17.685	0.239
11.950	17.716	0.239
11.960	17.744	0.239
11.970	17.663	0.239
11.980	17.948	0.239
11.990	18.061	0.239
12.000	18.208	0.239
12.010	18.368	0.239
12.020	18.559	0.239
12.030	18.766	0.239
12.040	18.974	0.239
12.050	19.212	0.239
12.060	19.449	0.239
12.070	19.708	0.239
12.080	19.963	0.239
12.090	20.235	0.239
12.100	20.516	0.239
12.110	20.784	0.239
12.120	21.064	0.239
12.130	21.328	0.239
12.140	21.600	0.239
12.150	21.850	0.239
12.160	22.105	0.239
12.170	22.351	0.239
12.180	22.568	0.239
12.190	22.784	0.239
12.200	22.970	0.239
12.210	23.147	0.239
12.220	23.294	0.239
12.230	23.433	0.239
12.240	23.551	0.239
12.250	23.629	0.239
12.260	23.699	0.239
12.270	23.730	0.239
12.280	23.749	0.239
12.290	23.733	0.239
12.300	23.699	0.239
12.310	23.645	0.239
12.320	23.555	0.239
12.330	23.453	0.239
12.340	23.317	0.239
12.350	23.172	0.239
12.360	23.002	0.239
12.370	22.805	0.239
12.380	22.604	0.239
12.390	22.373	0.239
12.400	22.142	0.239
12.410	21.889	0.239
12.420	21.637	0.239
12.430	21.380	0.239
12.440	21.102	0.239
12.450	20.832	0.239
12.460	20.554	0.239
12.470	20.284	0.239
12.480	20.010	0.239
12.490	19.749	0.239
12.500	19.505	0.239
12.510	19.235	0.239
12.520	19.026	0.239
12.530	18.799	0.239
12.540	18.598	0.239
12.550	18.398	0.239
12.560	18.209	0.239
12.570	18.107	0.239
12.580	17.975	0.239
12.590	17.830	0.239
12.600	17.758	0.239
12.610	17.747	0.239
12.620	17.705	0.239
12.630	17.706	0.239
12.640	17.728	0.239
12.650	17.768	0.239
12.660	17.791	0.239
12.670	17.921	0.239
12.680	18.043	0.239
12.690	18.186	0.239
12.700	18.338	0.239
12.710	18.519	0.239
12.720	18.705	0.239
12.730	18.926	0.239
12.740	19.146	0.239
12.750	19.388	0.239
12.760	19.648	0.239
12.770	19.898	0.239
12.780	20.170	0.239
12.790	20.433	0.239
12.800	20.714	0.239
12.810	20.978	0.239
12.820	21.258	0.239
12.830	21.530	0.239
12.840	21.781	0.239
12.850	22.040	0.239
12.860	22.273	0.239
12.870	22.507	0.239
12.880	22.714	0.239
12.890	22.917	0.239
12.900	23.103	0.239
12.910	23.255	0.239
12.920	23.402	0.239
12.930	23.511	0.239
12.940	23.611	0.239
12.950	23.672	0.239
12.960	23.725	0.239
12.970	23.752	0.239
12.980	23.740	0.239
12.990	23.720	0.239
13.000	23.657	0.239
13.010	23.585	0.239
13.020	23.491	0.239
13.030	23.359	0.239
13.040	23.223	0.239
13.050	23.048	0.239
13.060	22.873	0.239
13.070	22.663	0.239
13.080	22.449	0.239
13.090	22.223	0.239
13.100	21.970	0.239
13.110	21.722	0.239
13.120	21.448	0.239
13.130	21.187	0.239
13.140	20.909	0.239
13.150	20.639	0.239
13.160	20.369	0.239
13.170	20.091	0.239
13.180	19.834	0.239
13.190	19.569	0.239
13.200	19.325	0.239
13.210	19.081	0.239
13.220	18.850	0.239
13.230	18.658	0.239
13.240	18.453	0.239
13.250	18.256	0.239
13.260	18.132	0.239
13.270	18.005	0.239
13.280	17.881	0.239
13.290	17.792	0.239
13.300	17.750	0.239
13.310	17.704	0.239
13.320	17.692	0.239
13.330	17.698	0.239
13.340	17.738	0.239
13.350	17.782	0.239
13.360	17.852	0.239
13.370	17.995	0.239
13.380	18.116	0.239
13.390	18.264	0.239
13.400	18.437	0.239
13.410	18.631	0.239
13.420	18.843	0.239
13.430	19.059	0.239
13.440	19.301	0.239
13.450	19.539	0.239
13.460	19.802	0.239
13.470	20.062	0.239
13.480	20.334	0.239
13.490	20.614	0.239
13.500	20.878	0.239
13.510	21.159	0.239
13.520	21.422	0.239
13.530	21.690	0.239
13.540	21.936	0.239
13.550	22.186	0.239
13.560	22.428	0.239
13.570	22.640	0.239
13.580	22.848	0.239
13.590	23.025	0.239
13.600	23.198	0.239
13.610	23.337	0.239
13.620	23.467	0.239
13.630	23.576	0.239
13.640	23.646	0.239
13.650	23.707	0.239
13.660	23.730	0.239
13.670	23.740	0.239
13.680	23.728	0.239
13.690	23.678	0.239
13.700	23.614	0.239
13.710	23.517	0.239
13.720	23.406	0.239
13.730	23.261	0.239
13.740	23.107	0.239
13.750	22.937	0.239
13.760	22.731	0.239
13.770	22.526	0.239
13.780	22.291	0.239
13.790	22.060	0.239
13.800	21.799	0.239
13.810	21.546	0.239
13.820	21.285	0.239
13.830	21.007	0.239
13.840	20.741	0.239
13.850	20.459	0.239
13.860	20.193	0.239
13.870	19.924	0.239
13.880	19.667	0.239
13.890	19.423	0.239
13.900	19.162	0.239
13.910	18.948	0.239
13.920	18.730	0.239
13.930	18.542	0.239
13.940	18.354	0.239
13.950	18.196	0.239
13.960	18.064	0.239
13.970	17.940	0.239
13.980	17.817	0.239
13.990	17.775	0.239
14.000	17.733	0.239
14.010	17.717	0.239
14.020	17.714	0.239
14.030	17.745	0.239
14.040	17.777	0.239
14.050	17.834	0.239
14.060	17.964	0.239
14.070	18.090	0.239
14.080	18.233	0.239
14.090	18.393	0.239
14.100	18.583	0.239
14.110	18.778	0.239
14.120	18.999	0.239
14.130	19.223	0.239
14.140	19.470	0.239
14.150	19.729	0.239
14.160	19.983	0.239
14.170	20.256	0.239
14.180	20.519	0.239
14.190	20.800	0.239
14.200	21.063	0.239
14.210	21.340	0.239
14.220	21.607	0.239
14.230	21.858	0.239
14.240	22.113	0.239
14.250	22.342	0.239
14.260	22.566	0.239
14.270	22.770	0.239
14.280	22.964	0.239
14.290	23.142	0.239
14.300	23.289	0.239
14.310	23.423	0.239
14.320	23.528	0.239
14.330	23.615	0.239
14.340	23.685	0.239
14.350	23.716	0.239
14.360	23.730	0.239
14.370	23.715	0.239
14.380	23.681	0.239
14.390	23.613	0.239
14.400	23.533	0.239
14.410	23.431	0.239
14.420	23.294	0.239
14.430	23.149	0.239
14.440	22.970	0.239
14.450	22.787	0.239
14.460	22.572	0.239
14.470	22.354	0.239
14.480	22.123	0.239
14.490	21.871	0.239
14.500	21.619	0.239
14.510	21.349	0.239
14.520	21.083	0.239
14.530	20.805	0.239
14.540	20.536	0.239
14.550	20.274	0.239
14.560	20.000	0.239
14.570	19.743	0.239
14.580	19.482	0.239
14.590	19.243	0.239
14.600	19.003	0.239
14.610	18.794	0.239
14.620	18.597	0.239
14.630	18.405	0.239
14.640	18.230	0.239
14.650	18.094	0.239
14.660	17.974	0.239
14.670	17.859	0.239
14.680	17.783	0.239
14.690	17.750	0.239
14.700	17.712	0.239
14.710	17.713	0.239
14.720	17.728	0.239
14.730	17.776	0.239
14.740	17.781	0.239
14.750	17.933	0.239
14.760	18.055	0.239
14.770	18.180	0.239
14.780	18.341	0.239
14.790	18.523	0.239
14.800	18.721	0.239
14.810	18.929	0.239
14.820	19.154	0.239
14.830	19.404	0.239
14.840	19.638	0.239
14.850	19.914	0.239
14.860	20.169	0.239
14.870	20.437	0.239
14.880	20.717	0.239
14.890	20.989	0.239
14.900	21.266	0.239
14.910	21.525	0.239
14.920	21.788	0.239
14.930	22.034	0.239
14.940	22.280	0.239
14.950	22.510	0.239
14.960	22.717	0.239
14.970	22.921	0.239
14.980	23.089	0.239
14.990	23.254	0.239
15.000	23.397	0.239
15.010	23.506	0.239
15.020	23.606	0.239
15.030	23.667	0.239
15.040	23.715	0.239
15.050	23.730	0.239
15.060	23.731	0.239
15.070	23.706	0.239
15.080	23.647	0.239
15.090	23.575	0.239
15.100	23.469	0.239
15.110	23.350	0.239
15.120	23.200	0.239
15.130	23.038	0.239
15.140	22.863	0.239
15.150	22.654	0.239
15.160	22.440	0.239
15.170	22.204	0.239
15.180	21.965	0.239
15.190	21.704	0.239
15.200	21.447	0.239
15.210	21.186	0.239
15.220	20.907	0.239
15.230	20.642	0.239
15.240	20.364	0.239
15.250	20.103	0.239
15.260	19.833	0.239
15.270	19.580	0.239
15.280	19.341	0.239
15.290	19.097	0.239
15.300	18.879	0.239
15.310	18.665	0.239
15.320	18.481	0.239
15.330	18.293	0.239
15.340	18.157	0.239
15.350	18.029	0.239
15.360	17.914	0.239
15.370	17.795	0.239
15.380	17.762	0.239
15.390	17.733	0.239
15.400	17.725	0.239
15.410	17.731	0.239
15.420	17.767	0.239
15.430	17.729	0.239
15.440	17.894	0.239
15.450	18.011	0.239
15.460	18.146	0.239
15.470	18.263	0.239
15.480	18.462	0.239
15.490	18.656	0.239
15.500	18.855	0.239
15.510	19.080	0.239
15.520	19.309	0.239
15.530	19.559	0.239
15.540	19.819	0.239
15.550	20.074	0.239
15.560	20.345	0.239
15.570	20.609	0.239
15.580	20.886	0.239
15.590	21.149	0.239
15.600	21.421	0.239
15.610	21.689	0.239
15.620	21.935	0.239
15.630	22.185	0.239
15.640	22.406	0.239
15.650	22.630	0.239
15.660	22.838	0.239
15.670	23.011	0.239
15.680	23.184	0.239
15.690	23.319	0.239
15.700	23.449	0.239
15.710	23.540	0.239
15.720	23.628	0.239
15.730	23.685	0.239
15.740	23.707	0.239
15.750	23.717	0.239
15.760	23.688	0.239
15.770	23.651	0.239
15.780	23.574	0.239
15.790	23.485	0.239
15.800	23.375	0.239
15.810	23.234	0.239
15.820	23.080	0.239
15.830	22.897	0.239
15.840	22.709	0.239
15.850	22.491	0.239
15.860	22.268	0.239
15.870	22.037	0.239
15.880	21.780	0.239
15.890	21.528	0.239
15.900	21.254	0.239
15.910	20.993	0.239
15.920	20.714	0.239
15.930	20.449	0.239
15.940	20.188	0.239
15.950	19.914	0.239
15.960	19.662	0.239
15.970	19.409	0.239
15.980	19.156	0.239
15.990	18.947	0.239
16.000	18.738	0.239
16.010	18.541	0.239
16.020	18.357	0.239
16.030	18.182	0.239
16.040	18.067	0.239
16.050	17.957	0.239
16.060	17.807	0.239
16.070	17.761	0.239
16.080	17.758	0.239
16.090	17.729	0.239
16.100	17.739	0.239
16.110	17.753	0.239
16.120	17.754	0.239
16.130	17.872	0.239
16.140	17.993	0.239
16.150	18.123	0.239
16.160	18.228	0.239
16.170	18.426	0.239
16.180	18.600	0.239
16.190	18.807	0.239
16.200	19.027	0.239
16.210	19.248	0.239
16.220	19.499	0.239
16.230	19.740	0.239
16.240	20.008	0.239
16.250	20.268	0.239
16.260	20.539	0.239
16.270	20.816	0.239
16.280	21.079	0.239
16.290	21.356	0.239
16.300	21.606	0.239
16.310	21.870	0.239
16.320	22.120	0.239
16.330	22.345	0.239
16.340	22.574	0.239
16.350	22.773	0.239
16.360	22.968	0.239
16.370	23.132	0.239
16.380	23.288	0.239
16.390	23.423	0.239
16.400	23.523	0.239
16.410	23.610	0.239
16.420	23.662	0.239
16.430	23.707	0.239
16.440	23.712	0.239
16.450	23.705	0.239
16.460	23.671	0.239
16.470	23.604	0.239
16.480	23.528	0.239
16.490	23.413	0.239
16.500	23.285	0.239
16.510	23.131	0.239
16.520	22.965	0.239
16.530	22.781	0.239
16.540	22.567	0.239
16.550	22.354	0.239
16.560	22.110	0.239
16.570	21.870	0.239
16.580	21.609	0.239
16.590	21.352	0.239
16.600	21.087	0.239
16.610	20.809	0.239
16.620	20.543	0.239
16.630	20.265	0.239
16.640	20.008	0.239
16.650	19.751	0.239
16.660	19.490	0.239
16.670	19.238	0.239
16.680	19.019	0.239
16.690	18.810	0.239
16.700	18.601	0.239
16.710	18.421	0.239
16.720	18.233	0.239
16.730	18.114	0.239
16.740	17.995	0.239
16.750	17.854	0.239
16.760	17.756	0.239
16.770	17.753	0.239
16.780	17.728	0.239
16.790	17.730	0.239
16.800	17.744	0.239
16.810	17.779	0.239
16.820	17.823	0.239
16.830	17.949	0.239
16.840	18.058	0.239
16.850	18.201	0.239
16.860	18.361	0.239
16.870	18.530	0.239
16.880	18.729	0.239
16.890	18.932	0.239
16.900	19.166	0.239
16.910	19.395	0.239
16.920	19.650	0.239
16.930	19.909	0.239
16.940	20.168	0.239
16.950	20.440	0.239
16.960	20.703	0.239
16.970	20.980	0.239
16.980	21.256	0.239
16.990	21.511	0.239
17.000	21.774	0.239
17.010	22.016	0.239
17.020	22.262	0.239
17.030	22.479	0.239
17.040	22.699	0.239
17.050	22.898	0.239
17.060	23.067	0.239
17.070	23.232	0.239
17.080	23.361	0.239
17.090	23.483	0.239
17.100	23.566	0.239
17.110	23.644	0.239
17.120	23.693	0.239
17.130	23.707	0.239
17.140	23.708	0.239
17.150	23.671	0.239
17.160	23.625	0.239
17.170	23.540	0.239
17.180	23.447	0.239
17.190	23.327	0.239
17.200	23.178	0.239
17.210	23.020	0.239
17.220	22.832	0.239
17.230	22.636	0.239
17.240	22.413	0.239
17.250	22.191	0.239
17.260	21.955	0.239
17.270	21.694	0.239
17.280	21.442	0.239
17.290	21.168	0.239
17.300	20.907	0.239
17.310	20.641	0.239
17.320	20.354	0.239
17.330	20.106	0.239
17.340	19.819	0.239
17.350	19.580	0.239
17.360	19.336	0.239
17.370	19.105	0.239
17.380	18.870	0.239
17.390	18.681	0.239
17.400	18.489	0.239
17.410	18.297	0.239
17.420	18.169	0.239
17.430	18.041	0.239
17.440	17.939	0.239
17.450	17.820	0.239
17.460	17.774	0.239
17.470	17.758	0.239
17.480	17.738	0.239
17.490	17.756	0.239
17.500	17.770	0.239
17.510	17.810	0.239
17.520	17.940	0.239
17.530	18.040	0.239
17.540	18.174	0.239
17.550	18.313	0.239
17.560	18.491	0.239
17.570	18.672	0.239
17.580	18.880	0.239
17.590	19.109	0.239
17.600	19.334	0.239
17.610	19.580	0.239
17.620	19.831	0.239
17.630	20.098	0.239
17.640	20.357	0.239
17.650	20.630	0.239
17.660	20.906	0.239
17.670	21.169	0.239
17.680	21.437	0.239
17.690	21.687	0.239
17.700	21.947	0.239
17.710	22.193	0.239
17.720	22.413	0.239
17.730	22.634	0.239
17.740	22.829	0.239
17.750	23.014	0.239
17.760	23.171	0.239
17.770	23.322	0.239
17.780	23.448	0.239
17.790	23.539	0.239
17.800	23.622	0.239
17.810	23.667	0.239
17.820	23.698	0.239
17.830	23.695	0.239
17.840	23.679	0.239
17.850	23.641	0.239
17.860	23.561	0.239
17.870	23.476	0.239
17.880	23.352	0.239
17.890	23.220	0.239
17.900	23.054	0.239
17.910	22.883	0.239
17.920	22.695	0.239
17.930	22.477	0.239
17.940	22.255	0.239
17.950	22.010	0.239
17.960	21.767	0.239
17.970	21.501	0.239
17.980	21.245	0.239
17.990	20.984	0.239
18.000	20.705	0.239
18.010	20.444	0.239
18.020	20.166	0.239
18.030	19.909	0.239
18.040	19.657	0.239
18.050	19.404	0.239
18.060	19.160	0.239
18.070	18.938	0.239
18.080	18.737	0.239
18.090	18.536	0.239
18.100	18.365	0.239
18.110	18.216	0.239
18.120	18.071	0.239
18.130	17.965	0.239
18.140	17.841	0.239
18.150	17.786	0.239
18.160	17.749	0.239
18.170	17.733	0.239
18.180	17.742	0.239
18.190	17.765	0.239
18.200	17.796	0.239
18.210	17.892	0.239
18.220	18.001	0.239
18.230	18.114	0.239
18.240	18.257	0.239
18.250	18.434	0.239
18.260	18.612	0.239
18.270	18.815	0.239
18.280	19.022	0.239
18.290	19.260	0.239
18.300	19.494	0.239
18.310	19.748	0.239
18.320	20.016	0.239
18.330	20.271	0.239
18.340	20.547	0.239
18.350	20.806	0.239
18.360	21.083	0.239
18.370	21.355	0.239
18.380	21.610	0.239
18.390	21.869	0.239
18.400	22.106	0.239
18.410	22.344	0.239
18.420	22.560	0.239
18.430	22.768	0.239
18.440	22.962	0.239
18.450	23.123	0.239
18.460	23.278	0.239
18.470	23.400	0.239
18.480	23.513	0.239
18.490	23.592	0.239
18.500	23.657	0.239
18.510	23.697	0.239
18.520	23.703	0.239
18.530	23.695	0.239
18.540	23.649	0.239
18.550	23.595	0.239
18.560	23.501	0.239
18.570	23.399	0.239
18.580	23.275	0.239
18.590	23.118	0.239
18.600	22.951	0.239
18.610	22.754	0.239
18.620	22.558	0.239
18.630	22.327	0.239
18.640	22.100	0.239
18.650	21.861	0.239
18.660	21.599	0.239
18.670	21.347	0.239
18.680	21.073	0.239
18.690	20.808	0.239
18.700	20.542	0.239
18.710	20.268	0.239
18.720	20.011	0.239
18.730	19.746	0.239
18.740	19.498	0.239
18.750	19.254	0.239
18.760	19.031	0.239
18.770	18.822	0.239
18.780	18.617	0.239
18.790	18.438	0.239
18.800	18.250	0.239
18.810	18.130	0.239
18.820	18.002	0.239
18.830	17.909	0.239
18.840	17.807	0.239
18.850	17.774	0.239
18.860	17.758	0.239
18.870	17.746	0.239
18.880	17.773	0.239
18.890	17.774	0.239
18.900	17.844	0.239
18.910	17.983	0.239
18.920	18.087	0.239
18.930	18.209	0.239
18.940	18.378	0.239
18.950	18.559	0.239
18.960	18.741	0.239
18.970	18.957	0.239
18.980	19.178	0.239
18.990	19.415	0.239
19.000	19.662	0.239
19.010	19.916	0.239
19.020	20.184	0.239
19.030	20.456	0.239
19.040	20.715	0.239
19.050	20.992	0.239
19.060	21.251	0.239
19.070	21.518	0.239
19.080	21.765	0.239
19.090	22.020	0.239
19.100	22.262	0.239
19.110	22.474	0.239
19.120	22.690	0.239
19.130	22.876	0.239
19.140	23.053	0.239
19.150	23.205	0.239
19.160	23.344	0.239
19.170	23.465	0.239
19.180	23.548	0.239
19.190	23.618	0.239
19.200	23.658	0.239
19.210	23.681	0.239
19.220	23.669	0.239
19.230	23.644	0.239
19.240	23.594	0.239
19.250	23.513	0.239
19.260	23.420	0.239
19.270	23.288	0.239
19.280	23.151	0.239
19.290	22.980	0.239
19.300	22.801	0.239
19.310	22.609	0.239
19.320	22.386	0.239
19.330	22.164	0.239
19.340	21.916	0.239
19.350	21.672	0.239
19.360	21.420	0.239
19.370	21.145	0.239
19.380	20.884	0.239
19.390	20.610	0.239
19.400	20.349	0.239
19.410	20.075	0.239
19.420	19.823	0.239
19.430	19.579	0.239
19.440	19.326	0.239
19.450	19.104	0.239
19.460	18.877	0.239
19.470	18.680	0.239
19.480	18.488	0.239
19.490	18.318	0.239
19.500	18.181	0.239
19.510	18.045	0.239
19.520	17.947	0.239
19.530	17.763	0.239
19.540	17.765	0.239