Motion Sensor Data File Thu, Oct 07, 2021 9:39 AM
Time (s)	Velocity (cm/s)
5.040	NaN
5.050	11.266
5.060	12.169
5.070	15.609
5.080	16.856
5.090	19.479
5.100	20.339
5.110	23.306
5.120	24.639
5.130	24.639
5.140	26.746
5.150	26.359
5.160	28.079
5.170	27.176
5.180	28.509
5.190	28.939
5.200	26.746
5.210	27.649
5.220	25.456
5.230	25.929
5.240	24.639
5.250	21.586
5.260	21.629
5.270	18.619
5.280	17.716
5.290	14.749
5.300	13.459
5.310	11.309
5.320	7.826
5.330	6.149
5.340	2.709
5.350	1.376
5.360	-2.451
5.370	-3.741
5.380	-6.321
5.390	-9.804
5.400	-11.051
5.410	-14.491
5.420	-15.351
5.430	-18.834
5.440	-19.221
5.450	-21.371
5.460	-23.521
5.470	-23.951
5.480	-26.574
5.490	-25.671
5.500	-28.251
5.510	-26.961
5.520	-27.434
5.530	-28.681
5.540	-27.391
5.550	-27.821
5.560	-26.531
5.570	-25.284
5.580	-25.241
5.590	-23.091
5.600	-22.661
5.610	-20.511
5.620	-20.124
5.630	-14.061
5.640	-14.061
5.650	-16.641
5.660	-5.504
5.670	-8.471
5.680	-4.601
5.690	-2.881
5.700	0.516
5.710	3.139
5.720	4.429
5.730	7.869
5.740	6.106
5.750	16.469
5.760	13.889
5.770	16.856
5.780	19.049
5.790	19.909
5.800	22.446
5.810	22.919
5.820	25.069
5.830	26.746
5.840	25.929
5.850	28.079
5.860	26.746
5.870	28.509
5.880	27.176
5.890	28.509
5.900	27.649
5.910	25.456
5.920	26.359
5.930	23.349
5.940	23.736
5.950	20.339
5.960	20.339
5.970	18.576
5.980	14.749
5.990	14.319
6.000	10.406
6.010	9.589
6.020	6.149
6.030	4.429
6.040	2.236
6.050	-2.021
6.060	-2.881
6.070	-6.794
6.080	-8.041
6.090	-11.481
6.100	-12.771
6.110	-14.491
6.120	-18.404
6.130	-18.791
6.140	-21.801
6.150	-22.231
6.160	-23.564
6.170	-25.671
6.180	-25.671
6.190	-27.821
6.200	-26.961
6.210	-28.724
6.220	-27.391
6.230	-27.391
6.240	-27.821
6.250	-26.531
6.260	-27.004
6.270	-25.671
6.280	-23.091
6.290	-21.801
6.300	-20.511
6.310	-19.694
6.320	-16.641
6.330	-15.781
6.340	-12.341
6.350	-11.094
6.360	-7.611
6.370	-5.461
6.380	-4.171
6.390	-0.344
6.400	1.419
6.410	4.859
6.420	6.106
6.430	-4.601
6.440	26.789
6.450	13.029
6.460	15.566
6.470	18.619
6.480	20.339
6.490	22.016
6.500	22.489
6.510	25.069
6.520	24.596
6.530	26.789
6.540	27.219
6.550	27.606
6.560	28.939
6.570	27.176
6.580	28.509
6.590	26.789
6.600	27.176
6.610	25.069
6.620	25.499
6.630	23.736
6.640	21.199
6.650	21.199
6.660	17.716
6.670	16.899
6.680	13.459
6.690	12.556
6.700	10.449
6.710	6.579
6.720	5.719
6.730	1.376
6.740	0.559
6.750	-3.311
6.760	-4.644
6.770	-7.181
6.780	-11.051
6.790	-11.481
6.800	-15.394
6.810	-16.211
6.820	-18.361
6.830	-20.941
6.840	-21.801
6.850	-23.994
6.860	-24.381
6.870	-26.531
6.880	-26.101
6.890	-26.531
6.900	-28.294
6.910	-27.391
6.920	-28.681
6.930	-26.961
6.940	-27.821
6.950	-26.144
6.960	-24.811
6.970	-24.811
6.980	-22.231
6.990	-22.231
7.000	-18.834
7.010	-21.371
7.020	-12.341
7.030	-13.201
7.040	-27.434
7.050	7.009
7.060	-7.181
7.070	-3.741
7.080	-2.494
7.090	1.419
7.100	3.999
7.110	5.246
7.120	-9.331
7.130	28.079
7.140	13.459
7.150	12.556
7.160	19.479
7.170	19.909
7.180	19.866
7.190	22.919
7.200	23.349
7.210	25.456
7.220	26.789
7.230	25.886
7.240	28.079
7.250	26.789
7.260	28.466
7.270	27.219
7.280	27.649
7.290	27.606
7.300	25.499
7.310	25.499
7.320	22.876
7.330	22.919
7.340	20.339
7.350	19.436
7.360	17.329
7.370	14.319
7.380	13.416
7.390	10.019
7.400	8.729
7.410	4.859
7.420	3.526
7.430	1.419
7.440	-2.881
7.450	-3.354
7.460	-8.041
7.470	-8.471
7.480	-11.051
7.490	-14.534
7.500	-15.351
7.510	-18.791
7.520	-19.221
7.530	-22.231
7.540	-22.274
7.550	-23.951
7.560	-26.101
7.570	-25.671
7.580	-27.864
7.590	-26.961
7.600	-28.681
7.610	-26.961
7.620	-26.961
7.630	-27.864
7.640	-26.101
7.650	-26.101
7.660	-25.671
7.670	-24.381
7.680	-19.264
7.690	-20.941
7.700	-19.221
7.710	-15.781
7.720	-13.201
7.730	-14.534
7.740	-13.201
7.750	-0.731
7.760	-4.171
7.770	-3.354
7.780	0.989
7.790	1.849
7.800	6.106
7.810	0.559
7.820	15.179
7.830	14.319
7.840	11.696
7.850	19.479
7.860	17.329
7.870	21.156
7.880	22.489
7.890	22.489
7.900	25.456
7.910	25.069
7.920	27.176
7.930	26.359
7.940	28.079
7.950	28.466
7.960	27.219
7.970	28.079
7.980	26.316
7.990	26.789
8.000	24.639
8.010	24.596
8.020	23.349
8.030	20.339
8.040	20.296
8.050	16.899
8.060	16.039
8.070	12.986
8.080	11.739
8.090	9.589
8.100	5.676
8.110	4.429
8.120	0.989
8.130	-0.301
8.140	-2.924
8.150	-6.751
8.160	-8.041
8.170	-11.481
8.180	-12.814
8.190	-15.781
8.200	-16.641
8.210	-18.791
8.220	-21.844
8.230	-21.801
8.240	-24.811
8.250	-24.381
8.260	-26.961
8.270	-26.144
8.280	-26.961
8.290	-28.251
8.300	-27.391
8.310	-28.251
8.320	-27.004
8.330	-27.391
8.340	-25.671
8.350	-26.531
8.360	-22.231
8.370	-21.414
8.380	-24.381
8.390	-16.641
8.400	-24.381
8.410	-7.181
8.420	-12.384
8.430	-30.401
8.440	11.739
8.450	-6.751
8.460	-2.494
8.470	-0.301
8.480	0.989
8.490	4.386
8.500	4.429
8.510	0.989
8.520	21.156
8.530	14.319
8.540	16.039
8.550	17.759
8.560	20.296
8.570	20.769
8.580	23.349
8.590	23.306
8.600	25.929
8.610	27.176
8.620	25.929
8.630	28.079
8.640	27.176
8.650	28.079
8.660	26.789
8.670	28.036
8.680	27.219
8.690	24.639
8.700	25.026
8.710	22.919
8.720	22.489
8.730	20.296
8.740	17.759
8.750	16.899
8.760	13.846
8.770	12.599
8.780	8.729
8.790	7.826
8.800	5.719
8.810	1.419
8.820	0.559
8.830	-3.354
8.840	-4.601
8.850	-8.471
8.860	-9.331
8.870	-11.954
8.880	-14.921
8.890	-16.211
8.900	-19.221
8.910	-19.694
8.920	-22.661
8.930	-23.091
8.940	-23.951
8.950	-26.531
8.960	-25.714
8.970	-27.821
8.980	-26.961
8.990	-28.251
9.000	-28.251
9.010	-25.714
9.020	-29.541
9.030	-24.811
9.040	-24.811
9.050	-23.521
9.060	-23.994
9.070	-19.651
9.080	-19.221
9.090	-21.801
9.100	-11.524
9.110	-14.061
9.120	-14.491
9.130	-6.751
9.140	-5.074
9.150	-3.311
9.160	-2.451
9.170	1.419
9.180	3.096
9.190	6.579
9.200	4.429
9.210	14.276
9.220	13.459
9.230	13.459
9.240	18.619
9.250	18.576
9.260	21.199
9.270	22.919
9.280	22.876
9.290	25.499
9.300	25.456
9.310	27.219
9.320	26.359
9.330	28.466
9.340	28.079
9.350	26.789
9.360	28.036
9.370	25.929
9.380	26.359
9.390	25.026
9.400	22.919
9.410	22.919
9.420	19.866
9.430	19.479
9.440	16.039
9.450	15.566
9.460	13.029
9.470	10.019
9.480	8.256
9.490	4.859
9.500	3.999
9.510	-0.301
9.520	-1.204
9.530	-3.741
9.540	-7.611
9.550	-8.901
9.560	-12.384
9.570	-13.631
9.580	-16.641
9.590	-17.501
9.600	-18.834
9.610	-22.231
9.620	-22.661
9.630	-24.811
9.640	-25.241
9.650	-27.004
9.660	-26.101
9.670	-26.961
9.680	-28.681
9.690	-26.961
9.700	-28.294
9.710	-26.531
9.720	-26.101
9.730	-25.671
9.740	-23.951
9.750	-23.994
9.760	-20.941
9.770	-20.941
9.780	-17.501
9.790	-15.824
9.800	-14.921
9.810	-11.481
9.820	-12.341
9.830	-4.644
9.840	-5.461
9.850	-2.021
9.860	0.989
9.870	1.806
9.880	6.149
9.890	3.999
9.900	12.986
9.910	11.739
9.920	15.179
9.930	16.899
9.940	17.716
9.950	21.199
9.960	21.199
9.970	23.736
9.980	23.779
9.990	26.359
10.000	27.176
10.010	26.359
10.020	28.036
10.030	26.789
10.040	28.509
10.050	28.036
10.060	25.929
10.070	26.789
10.080	24.166
10.090	24.639
10.100	22.059
10.110	22.016
10.120	19.909
10.130	16.899
10.140	15.996
10.150	13.029
10.160	11.739
10.170	7.826
10.180	7.009
10.190	4.859
10.200	0.559
10.210	-0.344
10.220	-4.171
10.230	-5.891
10.240	-8.901
10.250	-10.234
10.260	-12.771
10.270	-15.781
10.280	-16.641
10.290	-20.124
10.300	-20.081
10.310	-23.091
10.320	-23.521
10.330	-23.951
10.340	-27.004
10.350	-26.101
10.360	-27.821
10.370	-26.961
10.380	-26.961
10.390	-28.294
10.400	-26.531
10.410	-27.391
10.420	-25.241
10.430	-25.241
10.440	-23.134
10.450	-21.371
10.460	-21.371
10.470	-17.931
10.480	-20.124
10.490	-11.911
10.500	-13.631
10.510	-16.211
10.520	-0.774
10.530	-6.321
10.540	-2.881
10.550	-1.161
10.560	2.236
10.570	3.569
10.580	3.139
10.590	10.836
10.600	13.459
10.610	14.319
10.620	13.029
10.630	19.866
10.640	19.479
10.650	19.479
10.660	25.026
10.670	23.779
10.680	24.639
10.690	26.316
10.700	27.649
10.710	27.606
10.720	26.789
10.730	28.079
10.740	26.746
10.750	27.649
10.760	25.499
10.770	25.886
10.780	24.639
10.790	22.489
10.800	22.016
10.810	19.049
10.820	18.619
10.830	15.566
10.840	14.749
10.850	12.169
10.860	8.686
10.870	7.869
10.880	3.999
10.890	2.709
10.900	-0.774
10.910	-2.451
10.920	-4.601
10.930	-8.471
10.940	-9.374
10.950	-13.201
10.960	-14.061
10.970	-17.071
10.980	-17.974
10.990	-19.651
11.000	-22.661
11.010	-22.661
11.020	-25.241
11.030	-25.284
11.040	-25.671
11.050	-27.821
11.060	-26.961
11.070	-28.251
11.080	-26.574
11.090	-28.251
11.100	-25.671
11.110	-25.671
11.120	-25.671
11.130	-23.134
11.140	-23.091
11.150	-20.511
11.160	-19.651
11.170	-18.834
11.180	-13.201
11.190	-14.061
11.200	-13.201
11.210	-10.234
11.220	-2.451
11.230	-4.601
11.240	-0.731
11.250	1.806
11.260	3.139
11.270	1.849
11.280	-2.881
11.290	26.746
11.300	12.599
11.310	11.739
11.320	21.586
11.330	18.619
11.340	21.199
11.350	21.586
11.360	24.209
11.370	25.069
11.380	25.456
11.390	27.219
11.400	26.359
11.410	28.036
11.420	26.789
11.430	28.079
11.440	27.176
11.450	25.929
11.460	26.316
11.470	23.779
11.480	23.779
11.490	21.586
11.500	20.769
11.510	19.049
11.520	15.996
11.530	15.179
11.540	11.739
11.550	10.879
11.560	7.396
11.570	5.719
11.580	3.569
11.590	-0.344
11.600	-1.161
11.610	-5.031
11.620	-6.321
11.630	-10.234
11.640	-11.051
11.650	-13.201
11.660	-16.641
11.670	-17.114
11.680	-20.511
11.690	-20.941
11.700	-22.231
11.710	-24.811
11.720	-24.424
11.730	-26.961
11.740	-26.101
11.750	-27.821
11.760	-26.961
11.770	-27.004
11.780	-27.821
11.790	-26.101
11.800	-26.961
11.810	-24.811
11.820	-27.004
11.830	-22.661
11.840	-18.791
11.850	-22.661
11.860	-17.501
11.870	-16.684
11.880	-11.481
11.890	-12.771
11.900	-19.651
11.910	3.956
11.920	-5.461
11.930	-1.591
11.940	-0.774
11.950	3.139
11.960	2.709
11.970	-8.041
11.980	28.466
11.990	11.309
12.000	14.749
12.010	15.996
12.020	19.049
12.030	20.769
12.040	20.726
12.050	23.779
12.060	23.779
12.070	25.886
12.080	25.499
12.090	27.219
12.100	28.036
12.110	26.789
12.120	28.079
12.130	26.316
12.140	27.219
12.150	25.069
12.160	25.456
12.170	24.639
12.180	21.629
12.190	21.586
12.200	18.619
12.210	17.759
12.220	14.706
12.230	13.889
12.240	11.739
12.250	7.826
12.260	7.009
12.270	3.139
12.280	1.849
12.290	-1.634
12.300	-3.311
12.310	-5.461
12.320	-8.944
12.330	-10.191
12.340	-13.631
12.350	-14.491
12.360	-17.071
12.370	-19.694
12.380	-20.081
12.390	-23.091
12.400	-23.091
12.410	-25.284
12.420	-25.241
12.430	-25.671
12.440	-27.821
12.450	-26.961
12.460	-27.864
12.470	-26.961
12.480	-27.391
12.490	-26.101
12.500	-24.381
12.510	-27.004
12.520	-20.941
12.530	-22.661
12.540	-20.081
12.550	-20.081
12.560	-18.834
12.570	-10.191
12.580	-13.201
12.590	-14.491
12.600	-7.224
12.610	-1.161
12.620	-4.171
12.630	0.129
12.640	2.236
12.650	3.999
12.660	2.279
12.670	12.986
12.680	12.169
12.690	14.319
12.700	15.179
12.710	18.146
12.720	18.619
12.730	22.059
12.740	22.016
12.750	24.209
12.760	25.929
12.770	25.026
12.780	27.219
12.790	26.316
12.800	28.079
12.810	26.359
12.820	28.036
12.830	27.219
12.840	25.069
12.850	25.886
12.860	23.349
12.870	23.349
12.880	20.726
12.890	20.339
12.900	18.619
12.910	15.136
12.920	14.749
12.930	10.879
12.940	10.019
12.950	6.106
12.960	5.289
12.970	2.709
12.980	-1.204
12.990	-2.021
13.000	-6.321
13.010	-7.181
13.020	-9.374
13.030	-13.201
13.040	-13.631
13.050	-17.501
13.060	-17.544
13.070	-20.941
13.080	-21.371
13.090	-22.661
13.100	-25.241
13.110	-24.854
13.120	-27.391
13.130	-26.101
13.140	-27.821
13.150	-26.961
13.160	-27.004
13.170	-27.821
13.180	-25.671
13.190	-26.531
13.200	-24.381
13.210	-24.424
13.220	-23.091
13.230	-19.221
13.240	-20.511
13.250	-19.651
13.260	-12.384
13.270	-12.771
13.280	-12.341
13.290	-8.901
13.300	-4.214
13.310	-4.601
13.320	-1.161
13.330	0.559
13.340	3.956
13.350	4.429
13.360	7.009
13.370	14.276
13.380	12.169
13.390	14.749
13.400	17.286
13.410	19.479
13.420	21.199
13.430	21.586
13.440	24.209
13.450	23.779
13.460	26.316
13.470	25.929
13.480	27.219
13.490	28.036
13.500	26.359
13.510	28.079
13.520	26.316
13.530	26.789
13.540	24.639
13.550	25.026
13.560	24.209
13.570	21.199
13.580	20.726
13.590	17.759
13.600	17.329
13.610	13.846
13.620	13.029
13.630	10.879
13.640	6.966
13.650	6.149
13.660	2.279
13.670	0.989
13.680	-1.204
13.690	-5.031
13.700	-6.321
13.710	-9.761
13.720	-11.094
13.730	-14.491
13.740	-15.351
13.750	-17.071
13.760	-20.554
13.770	-20.511
13.780	-23.521
13.790	-23.091
13.800	-26.101
13.810	-25.284
13.820	-26.101
13.830	-27.821
13.840	-26.531
13.850	-28.251
13.860	-26.574
13.870	-26.961
13.880	-25.671
13.890	-24.381
13.900	-26.101
13.910	-21.414
13.920	-21.801
13.930	-18.791
13.940	-18.791
13.950	-15.781
13.960	-13.244
13.970	-12.341
13.980	-12.341
13.990	-4.171
14.000	-4.214
14.010	-1.591
14.020	-0.301
14.030	3.096
14.040	3.139
14.050	5.719
14.060	13.029
14.070	12.556
14.080	14.319
14.090	16.039
14.100	19.006
14.110	19.479
14.120	22.059
14.130	22.446
14.140	24.639
14.150	25.929
14.160	25.456
14.170	27.219
14.180	26.359
14.190	28.036
14.200	26.359
14.210	27.649
14.220	26.746
14.230	25.069
14.240	25.499
14.250	22.876
14.260	22.489
14.270	20.339
14.280	19.436
14.290	17.759
14.300	14.749
14.310	13.416
14.320	10.449
14.330	8.729
14.340	6.966
14.350	3.139
14.360	1.419
14.370	-1.591
14.380	-3.354
14.390	-6.751
14.400	-8.041
14.410	-10.191
14.420	-13.674
14.430	-14.491
14.440	-17.931
14.450	-18.361
14.460	-21.414
14.470	-21.801
14.480	-23.091
14.490	-25.241
14.500	-25.241
14.510	-27.004
14.520	-26.531
14.530	-27.821
14.540	-26.961
14.550	-26.101
14.560	-27.434
14.570	-25.671
14.580	-26.101
14.590	-23.951
14.600	-23.951
14.610	-20.984
14.620	-19.651
14.630	-19.221
14.640	-17.501
14.650	-13.631
14.660	-11.954
14.670	-11.481
14.680	-7.611
14.690	-3.311
14.700	-3.784
14.710	0.129
14.720	1.419
14.730	4.816
14.740	0.559
14.750	15.179
14.760	12.169
14.770	12.556
14.780	16.039
14.790	18.189
14.800	19.866
14.810	20.769
14.820	22.489
14.830	25.026
14.840	23.349
14.850	27.649
14.860	25.456
14.870	26.789
14.880	28.079
14.890	27.176
14.900	27.649
14.910	25.929
14.920	26.316
14.930	24.639
14.940	24.596
14.950	22.919
14.960	20.769
14.970	20.339
14.980	16.856
14.990	16.469
15.000	14.319
15.010	10.836
15.020	10.019
15.030	6.149
15.040	4.816
15.050	1.419
15.060	0.129
15.070	-2.451
15.080	-5.934
15.090	-7.181
15.100	-10.621
15.110	-11.911
15.120	-14.964
15.130	-16.211
15.140	-17.501
15.150	-20.941
15.160	-21.414
15.170	-23.521
15.180	-23.951
15.190	-26.101
15.200	-25.671
15.210	-26.144
15.220	-27.821
15.230	-26.531
15.240	-27.821
15.250	-26.101
15.260	-26.961
15.270	-25.284
15.280	-23.951
15.290	-24.381
15.300	-21.801
15.310	-21.414
15.320	-18.361
15.330	-18.791
15.340	-13.631
15.350	-12.771
15.360	-11.524
15.370	-11.911
15.380	-3.311
15.390	-2.881
15.400	-0.774
15.410	0.559
15.420	3.569
15.430	-3.784
15.440	16.469
15.450	11.739
15.460	13.459
15.470	11.696
15.480	19.909
15.490	19.479
15.500	19.866
15.510	22.489
15.520	22.919
15.530	25.026
15.540	25.929
15.550	25.499
15.560	27.176
15.570	26.359
15.580	27.649
15.590	26.316
15.600	27.219
15.610	26.789
15.620	24.596
15.630	25.069
15.640	22.059
15.650	22.446
15.660	20.769
15.670	17.329
15.680	17.286
15.690	13.459
15.700	13.029
15.710	9.116
15.720	8.729
15.730	5.719
15.740	2.236
15.750	0.989
15.760	-2.881
15.770	-3.741
15.780	-7.654
15.790	-8.901
15.800	-11.051
15.810	-14.061
15.820	-15.394
15.830	-18.361
15.840	-18.791
15.850	-21.801
15.860	-22.231
15.870	-23.134
15.880	-25.671
15.890	-25.241
15.900	-27.391
15.910	-26.101
15.920	-27.864
15.930	-26.531
15.940	-26.101
15.950	-27.391
15.960	-25.241
15.970	-25.284
15.980	-25.241
15.990	-20.941
16.000	-20.941
16.010	-19.651
16.020	-18.404
16.030	-17.501
16.040	-11.481
16.050	-11.051
16.060	-14.964
16.070	-4.601
16.080	-0.301
16.090	-2.881
16.100	0.946
16.110	1.419
16.120	0.129
16.130	11.739
16.140	12.126
16.150	13.029
16.160	10.449
16.170	19.866
16.180	17.329
16.190	20.769
16.200	22.016
16.210	22.059
16.220	25.069
16.230	24.166
16.240	26.789
16.250	25.929
16.260	27.176
16.270	27.649
16.280	26.359
16.290	27.606
16.300	25.069
16.310	26.359
16.320	25.026
16.330	22.489
16.340	22.919
16.350	19.866
16.360	19.479
16.370	16.469
16.380	15.566
16.390	13.459
16.400	10.019
16.410	8.686
16.420	5.289
16.430	4.429
16.440	0.559
16.450	-0.774
16.460	-3.311
16.470	-6.751
16.480	-7.611
16.490	-11.524
16.500	-12.771
16.510	-15.351
16.520	-16.641
16.530	-18.404
16.540	-21.371
16.550	-21.371
16.560	-24.381
16.570	-23.951
16.580	-26.144
16.590	-25.671
16.600	-26.531
16.610	-27.821
16.620	-26.531
16.630	-27.864
16.640	-25.671
16.650	-25.671
16.660	-26.101
16.670	-25.241
16.680	-21.844
16.690	-20.941
16.700	-20.941
16.710	-17.931
16.720	-18.834
16.730	-11.911
16.740	-11.911
16.750	-14.061
16.760	-9.761
16.770	-0.344
16.780	-2.451
16.790	0.129
16.800	1.376
16.810	3.569
16.820	4.429
16.830	12.599
16.840	10.836
16.850	14.319
16.860	16.039
16.870	16.856
16.880	19.909
16.890	20.339
16.900	23.306
16.910	22.919
16.920	25.499
16.930	25.886
16.940	25.929
16.950	27.219
16.960	26.316
16.970	27.649
16.980	27.649
16.990	25.456
17.000	26.359
17.010	24.209
17.020	24.596
17.030	21.629
17.040	22.059
17.050	19.866
17.060	16.899
17.070	16.469
17.080	12.986
17.090	12.169
17.100	8.299
17.110	7.826
17.120	4.859
17.130	1.419
17.140	0.129
17.150	-3.784
17.160	-4.601
17.170	-8.471
17.180	-9.331
17.190	-11.954
17.200	-14.921
17.210	-15.781
17.220	-18.791
17.230	-19.651
17.240	-22.274
17.250	-22.231
17.260	-23.521
17.270	-26.101
17.280	-25.241
17.290	-27.434
17.300	-26.101
17.310	-26.531
17.320	-28.681
17.330	-24.811
17.340	-28.724
17.350	-23.951
17.360	-24.381
17.370	-23.091
17.380	-23.521
17.390	-18.834
17.400	-19.221
17.410	-19.221
17.420	-12.771
17.430	-12.814
17.440	-10.191
17.450	-11.911
17.460	-4.601
17.470	-1.634
17.480	-2.021
17.490	1.849
17.500	1.419
17.510	3.956
17.520	13.029
17.530	10.019
17.540	13.416
17.550	13.889
17.560	17.759
17.570	18.146
17.580	20.769
17.590	22.919
17.600	22.446
17.610	24.639
17.620	25.069
17.630	26.746
17.640	25.929
17.650	27.219
17.660	27.606
17.670	26.359
17.680	26.789
17.690	25.026
17.700	25.929
17.710	24.639
17.720	22.016
17.730	22.059
17.740	19.479
17.750	18.576
17.760	15.609
17.770	15.179
17.780	12.599
17.790	9.116
17.800	8.299
17.810	4.429
17.820	3.096
17.830	-0.301
17.840	-1.591
17.850	-3.741
17.860	-8.084
17.870	-8.471
17.880	-12.341
17.890	-13.201
17.900	-16.684
17.910	-17.071
17.920	-18.791
17.930	-21.801
17.940	-22.231
17.950	-24.424
17.960	-24.381
17.970	-26.531
17.980	-25.671
17.990	-26.101
18.000	-27.864
18.010	-26.101
18.020	-27.821
18.030	-25.671
18.040	-25.241
18.050	-25.284
18.060	-24.381
18.070	-22.231
18.080	-20.081
18.090	-20.081
18.100	-17.114
18.110	-14.921
18.120	-14.491
18.130	-10.621
18.140	-12.384
18.150	-5.461
18.160	-3.741
18.170	-1.591
18.180	0.946
18.190	2.279
18.200	3.139
18.210	9.546
18.220	10.879
18.230	11.309
18.240	14.319
18.250	17.716
18.260	17.759
18.270	20.339
18.280	20.726
18.290	23.779
18.300	23.349
18.310	25.456
18.320	26.789
18.330	25.499
18.340	27.606
18.350	25.929
18.360	27.649
18.370	27.176
18.380	25.499
18.390	25.929
18.400	23.736
18.410	23.779
18.420	21.629
18.430	20.726
18.440	19.479
18.450	16.039
18.460	15.566
18.470	12.169
18.480	11.309
18.490	7.826
18.500	6.579
18.510	3.999
18.520	0.559
18.530	-0.774
18.540	-4.601
18.550	-5.461
18.560	-9.331
18.570	-10.234
18.580	-12.341
18.590	-15.781
18.600	-16.641
18.610	-19.694
18.620	-19.651
18.630	-23.091
18.640	-22.661
18.650	-23.951
18.660	-26.144
18.670	-25.241
18.680	-27.391
18.690	-26.531
18.700	-26.531
18.710	-27.434
18.720	-25.671
18.730	-26.531
18.740	-24.811
18.750	-24.381
18.760	-22.274
18.770	-20.941
18.780	-20.511
18.790	-17.931
18.800	-18.791
18.810	-11.954
18.820	-12.771
18.830	-9.331
18.840	-10.191
18.850	-3.354
18.860	-1.591
18.870	-1.161
18.880	2.709
18.890	0.086
18.900	7.009
18.910	13.889
18.920	10.406
18.930	12.169
18.940	16.899
18.950	18.146
18.960	18.189
18.970	21.629
18.980	22.016
18.990	23.779
19.000	24.639
19.010	25.456
19.020	26.789
19.030	27.219
19.040	25.886
19.050	27.649
19.060	25.929
19.070	26.746
19.080	24.639
19.090	25.499
19.100	24.166
19.110	21.199
19.120	21.629
19.130	18.576
19.140	17.759
19.150	15.179
19.160	13.889
19.170	12.126
19.180	8.299
19.190	7.009
19.200	3.956
19.210	2.279
19.220	-1.161
19.230	-2.451
19.240	-5.074
19.250	-8.041
19.260	-9.331
19.270	-13.201
19.280	-13.674
19.290	-17.071
19.300	-17.931
19.310	-19.221
19.320	-22.274
19.330	-22.231
19.340	-24.811
19.350	-24.381
19.360	-25.241
19.370	-27.434
19.380	-26.101
19.390	-27.391
19.400	-26.101
19.410	-27.391
19.420	-25.241
19.430	-24.424
19.440	-25.241
19.450	-22.231
19.460	-22.661
19.470	-19.694
19.480	-19.221
19.490	-17.071
19.500	-13.631
19.510	-13.631
19.520	-9.804
19.530	-18.361
19.540	0.129